0.07351274286267985 0.6339198761681836 -0.145016025884021 0.23594199956316847 0.3697103316936655 0.08250691593416437 -0.12191681601659311 -0.2990212694183917 -0.3952222122564664 -0.23813119206022368 -0.02256988771027098 0.42761889589925456 -0.5923543682127951 -0.16750648792820788 0.46401443397067177 -0.117983673286794 0.13879971988459458 -0.12113651461407032 -0.40070350803615384 0.16487279325511164 0.2104656691258533 -0.07189117500373789 0.5992506414346066 0.005120189675744695 -0.06244375398663849 -1.0768324966486666 0.028513369128953543 -0.08715443266668237 0.0970744349226912 -0.1292429735317008 3.0153724897382896 -0.06121101246836978 -0.6119521263026321 0.16148165586230914 -0.1908005858969847 -0.5308232995023019 0.24249048315132507 -0.23892607699855806 0.04989260828883446 -0.12124361842398804 0.01967770022162121 -0.31981589686839657 0.1408620859701957 -0.7840903945301573 -0.10245473468429915 0.43832707859170883 -0.17733528937123164 0.04462243747943609 0.12446986728090827 0.48769893260981745 
67.2330587751072 0.0 0.0 0.0 0.0 0.0 0.0 0.0 0.0 0.0 0.0 0.0 0.0 0.0 0.0 0.0 0.0 0.0 0.0 0.0 0.0 0.0 0.0 0.0 0.0 0.0 0.0 0.0 0.0 0.0 0.0 0.0 0.0 0.0 0.0 0.0 0.0 0.0 0.0 0.0 0.0 0.0 0.0 0.0 0.0 0.0 0.0 0.0 0.0 0.0 
-4.209044567700995 51.738743146759056 0.0 0.0 0.0 0.0 0.0 0.0 0.0 0.0 0.0 0.0 0.0 0.0 0.0 0.0 0.0 0.0 0.0 0.0 0.0 0.0 0.0 0.0 0.0 0.0 0.0 0.0 0.0 0.0 0.0 0.0 0.0 0.0 0.0 0.0 0.0 0.0 0.0 0.0 0.0 0.0 0.0 0.0 0.0 0.0 0.0 0.0 0.0 0.0 
-39.20648310638186 7.430454810244776 75.3031045658004 0.0 0.0 0.0 0.0 0.0 0.0 0.0 0.0 0.0 0.0 0.0 0.0 0.0 0.0 0.0 0.0 0.0 0.0 0.0 0.0 0.0 0.0 0.0 0.0 0.0 0.0 0.0 0.0 0.0 0.0 0.0 0.0 0.0 0.0 0.0 0.0 0.0 0.0 0.0 0.0 0.0 0.0 0.0 0.0 0.0 0.0 0.0 
-14.424622850346768 21.450578556968896 5.476249332732127 65.91652431530937 0.0 0.0 0.0 0.0 0.0 0.0 0.0 0.0 0.0 0.0 0.0 0.0 0.0 0.0 0.0 0.0 0.0 0.0 0.0 0.0 0.0 0.0 0.0 0.0 0.0 0.0 0.0 0.0 0.0 0.0 0.0 0.0 0.0 0.0 0.0 0.0 0.0 0.0 0.0 0.0 0.0 0.0 0.0 0.0 0.0 0.0 
0.046779819232092026 5.015586715372589 2.367454554379511 -13.45867064696222 39.90159098103521 0.0 0.0 0.0 0.0 0.0 0.0 0.0 0.0 0.0 0.0 0.0 0.0 0.0 0.0 0.0 0.0 0.0 0.0 0.0 0.0 0.0 0.0 0.0 0.0 0.0 0.0 0.0 0.0 0.0 0.0 0.0 0.0 0.0 0.0 0.0 0.0 0.0 0.0 0.0 0.0 0.0 0.0 0.0 0.0 0.0 
-20.47490646085606 -7.261048170931028 20.752175233275608 15.857949274545428 -6.387827398689113 51.903818456270265 0.0 0.0 0.0 0.0 0.0 0.0 0.0 0.0 0.0 0.0 0.0 0.0 0.0 0.0 0.0 0.0 0.0 0.0 0.0 0.0 0.0 0.0 0.0 0.0 0.0 0.0 0.0 0.0 0.0 0.0 0.0 0.0 0.0 0.0 0.0 0.0 0.0 0.0 0.0 0.0 0.0 0.0 0.0 0.0 
-4.499755909154925 14.011421337603016 3.8049858158043035 -22.094247716975627 9.105299136697335 -0.5956981160045489 64.25062746530838 0.0 0.0 0.0 0.0 0.0 0.0 0.0 0.0 0.0 0.0 0.0 0.0 0.0 0.0 0.0 0.0 0.0 0.0 0.0 0.0 0.0 0.0 0.0 0.0 0.0 0.0 0.0 0.0 0.0 0.0 0.0 0.0 0.0 0.0 0.0 0.0 0.0 0.0 0.0 0.0 0.0 0.0 0.0 
36.00384251055238 5.916852743104721 8.801891937258926 2.553688378492406 -14.095369794834651 -8.418238163403045 -4.473057226665016 54.88132433206002 0.0 0.0 0.0 0.0 0.0 0.0 0.0 0.0 0.0 0.0 0.0 0.0 0.0 0.0 0.0 0.0 0.0 0.0 0.0 0.0 0.0 0.0 0.0 0.0 0.0 0.0 0.0 0.0 0.0 0.0 0.0 0.0 0.0 0.0 0.0 0.0 0.0 0.0 0.0 0.0 0.0 0.0 
4.117843604560037 -9.146425515674032 -22.637145166381245 1.0222272280463152 -0.006573168947456047 8.843684825387705 1.8584249730943923 -15.430856666116352 35.981120977476344 0.0 0.0 0.0 0.0 0.0 0.0 0.0 0.0 0.0 0.0 0.0 0.0 0.0 0.0 0.0 0.0 0.0 0.0 0.0 0.0 0.0 0.0 0.0 0.0 0.0 0.0 0.0 0.0 0.0 0.0 0.0 0.0 0.0 0.0 0.0 0.0 0.0 0.0 0.0 0.0 0.0 
-4.9690514555200185 -22.494582891427243 -2.2611833286303034 -4.253283403531687 -6.0651704945970035 -1.5138796419882936 5.839590890173335 4.8766164466955795 5.344069506158155 48.79906500833863 0.0 0.0 0.0 0.0 0.0 0.0 0.0 0.0 0.0 0.0 0.0 0.0 0.0 0.0 0.0 0.0 0.0 0.0 0.0 0.0 0.0 0.0 0.0 0.0 0.0 0.0 0.0 0.0 0.0 0.0 0.0 0.0 0.0 0.0 0.0 0.0 0.0 0.0 0.0 0.0 
-3.717967905589636 -1.7451631786193411 -23.66897704637116 -0.03541276099770934 3.743545987699201 12.914789035019309 5.009880297377605 14.973343721157546 -0.5256256834289414 14.056674838701882 39.93075694328835 0.0 0.0 0.0 0.0 0.0 0.0 0.0 0.0 0.0 0.0 0.0 0.0 0.0 0.0 0.0 0.0 0.0 0.0 0.0 0.0 0.0 0.0 0.0 0.0 0.0 0.0 0.0 0.0 0.0 0.0 0.0 0.0 0.0 0.0 0.0 0.0 0.0 0.0 0.0 
-5.119770268491512 -36.588329343330344 -42.762867087453635 -22.559800949639516 11.58687028869053 15.411907652872834 6.9027622177948835 -38.40713638777121 -9.874164452120482 3.913991261817959 7.868975792884779 54.21686510858472 0.0 0.0 0.0 0.0 0.0 0.0 0.0 0.0 0.0 0.0 0.0 0.0 0.0 0.0 0.0 0.0 0.0 0.0 0.0 0.0 0.0 0.0 0.0 0.0 0.0 0.0 0.0 0.0 0.0 0.0 0.0 0.0 0.0 0.0 0.0 0.0 0.0 0.0 
-22.56734196507639 7.934105903240015 12.723708139954358 -10.080938586681967 3.26697562516681 -2.792427299276884 5.747034640477549 -1.8557620212264283 0.734560099032642 -6.496816001093768 8.842907514156872 -17.194528590569234 32.08789132558568 0.0 0.0 0.0 0.0 0.0 0.0 0.0 0.0 0.0 0.0 0.0 0.0 0.0 0.0 0.0 0.0 0.0 0.0 0.0 0.0 0.0 0.0 0.0 0.0 0.0 0.0 0.0 0.0 0.0 0.0 0.0 0.0 0.0 0.0 0.0 0.0 0.0 
34.25438200186523 1.8287177371328078 -22.78273419172248 -0.6490669446565038 -1.1750505974780185 -24.104365701914535 -11.872801546257413 13.15915519831675 11.945922873596235 5.019294987147059 -0.3073697772900785 -11.602229488661763 -2.1693373029337564 41.175700365063236 0.0 0.0 0.0 0.0 0.0 0.0 0.0 0.0 0.0 0.0 0.0 0.0 0.0 0.0 0.0 0.0 0.0 0.0 0.0 0.0 0.0 0.0 0.0 0.0 0.0 0.0 0.0 0.0 0.0 0.0 0.0 0.0 0.0 0.0 0.0 0.0 
3.1103597141354276 -18.99339330613661 20.59238329801355 -21.174655100178207 8.508316835223063 -13.559975396629218 -18.966151557824862 9.710014493570887 -15.555734764313437 5.355786467021278 13.961342032066316 1.6318316991126092 8.963917240456603 7.339854297559694 33.34074018024905 0.0 0.0 0.0 0.0 0.0 0.0 0.0 0.0 0.0 0.0 0.0 0.0 0.0 0.0 0.0 0.0 0.0 0.0 0.0 0.0 0.0 0.0 0.0 0.0 0.0 0.0 0.0 0.0 0.0 0.0 0.0 0.0 0.0 0.0 0.0 
37.875411113540316 -3.2122382787147763 -11.697605624564313 19.57255190007318 -13.485806640886732 -20.870537410003795 -4.977372726309062 8.710464117749583 4.8478529672602155 2.308990086537424 -9.625427283234083 -5.672318699711291 -11.613156680735216 1.387118649455269 -6.835213921356845 34.208735767234295 0.0 0.0 0.0 0.0 0.0 0.0 0.0 0.0 0.0 0.0 0.0 0.0 0.0 0.0 0.0 0.0 0.0 0.0 0.0 0.0 0.0 0.0 0.0 0.0 0.0 0.0 0.0 0.0 0.0 0.0 0.0 0.0 0.0 0.0 
21.72924952037885 -9.504516753783971 -24.448039810276963 -19.267164176320545 7.833447941025522 -2.112701882622697 5.603829438720836 -14.548859787368494 9.6805536318306 12.045806616073728 -7.06441640497515 13.640987730823253 -22.10340247809294 -8.467074628153267 -0.6625200491075313 -4.236252464913494 35.90392030856129 0.0 0.0 0.0 0.0 0.0 0.0 0.0 0.0 0.0 0.0 0.0 0.0 0.0 0.0 0.0 0.0 0.0 0.0 0.0 0.0 0.0 0.0 0.0 0.0 0.0 0.0 0.0 0.0 0.0 0.0 0.0 0.0 0.0 
-3.8255679324004714 -13.241671714696414 4.388199530277077 -37.36869504342437 3.1798338360214786 0.4093348718878567 10.19915045617431 -7.183040777721113 -15.03087048266504 5.700410225134638 13.867339963473926 23.407047136135407 4.523375908198208 -3.7675884719881823 3.1770105565654276 -6.801752011593673 -6.952896387965422 36.03298969529183 0.0 0.0 0.0 0.0 0.0 0.0 0.0 0.0 0.0 0.0 0.0 0.0 0.0 0.0 0.0 0.0 0.0 0.0 0.0 0.0 0.0 0.0 0.0 0.0 0.0 0.0 0.0 0.0 0.0 0.0 0.0 0.0 
60.83042807567871 -12.217212958883145 -65.80680747189436 16.97949676896736 -12.785374346429906 -13.963849897024371 -9.350256946768521 9.693462334750022 32.034317814241454 -1.8265796089951276 -21.229988019028127 -0.5511711106673237 -12.422163058294842 14.266838874984543 -24.096188806224873 22.066323585443534 5.591851524487929 -12.720781165310054 42.943921142089835 0.0 0.0 0.0 0.0 0.0 0.0 0.0 0.0 0.0 0.0 0.0 0.0 0.0 0.0 0.0 0.0 0.0 0.0 0.0 0.0 0.0 0.0 0.0 0.0 0.0 0.0 0.0 0.0 0.0 0.0 0.0 
-7.444616932778036 17.215561291734048 6.189568597202576 -0.7733051109322402 5.892224300179027 3.750295194017172 7.092685205888028 18.97150806664992 -4.6023359544345706 4.3884078289112525 10.196871954506381 -7.4691127016289425 2.529956893567682 -2.9670568573053386 -3.3463063082745332 -2.4108643309458397 -2.095363431196574 -3.1501210657767493 -0.03147664632729406 30.22783379978438 0.0 0.0 0.0 0.0 0.0 0.0 0.0 0.0 0.0 0.0 0.0 0.0 0.0 0.0 0.0 0.0 0.0 0.0 0.0 0.0 0.0 0.0 0.0 0.0 0.0 0.0 0.0 0.0 0.0 0.0 
14.725316864947974 -1.0254463851804902 -4.9636004303568475 36.03027542855679 -11.273508775171987 -8.201937437647562 -34.461422410983396 -1.8836187420333115 15.061497246761919 -14.667362209284896 -5.3277739379006315 -16.53511010521063 -1.764630025135695 5.085638226662971 2.6407360736765213 8.696484088294325 -14.645458518415868 7.033613220980321 5.2246907053040434 -13.56296587491962 33.93129385120609 0.0 0.0 0.0 0.0 0.0 0.0 0.0 0.0 0.0 0.0 0.0 0.0 0.0 0.0 0.0 0.0 0.0 0.0 0.0 0.0 0.0 0.0 0.0 0.0 0.0 0.0 0.0 0.0 0.0 
35.3662196996727 -7.783226907503177 -20.519765685122284 -12.062812190388664 -3.1841039036960384 -12.859863517207476 -5.273982088208017 8.53222864854197 8.464164362204436 2.5959837586292647 -20.31719173145648 12.662890058651183 -22.353603416149078 -1.749260168217491 -11.782630731382293 17.489394386279457 -9.524336109835962 10.517838309701043 13.143183431252671 -0.020425083357162362 7.359127800012242 30.21094978635145 0.0 0.0 0.0 0.0 0.0 0.0 0.0 0.0 0.0 0.0 0.0 0.0 0.0 0.0 0.0 0.0 0.0 0.0 0.0 0.0 0.0 0.0 0.0 0.0 0.0 0.0 0.0 0.0 
-25.7913870316301 14.308486491422538 34.41048913921644 -23.050167553661023 13.577656637328968 11.005802767652078 23.98318914121029 -4.227959085336101 -21.233818106500117 -6.836379450096039 8.274163308072417 2.629863627092058 1.981086660056767 2.3980384749356105 5.5555064229331155 -17.7660981678599 -5.238927745126434 6.873521776864559 -15.431704796122995 1.9137560763826371 5.5915174712634395 -1.8102758034709732 31.204031697201856 0.0 0.0 0.0 0.0 0.0 0.0 0.0 0.0 0.0 0.0 0.0 0.0 0.0 0.0 0.0 0.0 0.0 0.0 0.0 0.0 0.0 0.0 0.0 0.0 0.0 0.0 0.0 
-17.453797479454767 6.463947508259564 16.037910874541257 -24.169668299920232 -1.1103476259132814 -5.6119467138748265 24.221887939336042 9.676739950764036 -22.12006322871943 10.096448476286264 14.746899889111912 1.574052179128616 -1.8307579252871669 -3.343534508361084 8.826391897054883 -9.820908251503605 -0.9717067234459477 20.585678194344823 -26.8290321572406 -1.2587549249053813 -5.9008913768667455 -0.3336432807656324 11.469341144355639 27.4965667121068 0.0 0.0 0.0 0.0 0.0 0.0 0.0 0.0 0.0 0.0 0.0 0.0 0.0 0.0 0.0 0.0 0.0 0.0 0.0 0.0 0.0 0.0 0.0 0.0 0.0 0.0 
26.73707554575517 -16.767810735353144 -26.644952604658307 -55.929471531447874 11.773300486172394 -22.654833005233446 23.962246805404416 -5.837397918079969 -6.203903380640407 -4.8359970850526475 -4.765314354364768 9.926938359298491 -10.021545822087072 11.134460468755607 1.7324296917414435 -1.8045466879853793 4.629716636428975 10.821128224421688 6.271074397711937 4.919655103030676 4.604410965342026 9.301593890077072 3.3464020406857915 1.6474250823928924 28.351167796117657 0.0 0.0 0.0 0.0 0.0 0.0 0.0 0.0 0.0 0.0 0.0 0.0 0.0 0.0 0.0 0.0 0.0 0.0 0.0 0.0 0.0 0.0 0.0 0.0 0.0 
-30.22085685052292 26.403761770819276 25.86045779123488 13.834294936257521 -3.154960831390397 13.243849518082698 2.6352878393965837 -8.77476436959878 -0.2335980556372062 -0.6912991138578305 4.233898430977225 -10.605049607221313 -6.386850152733172 -10.623545459815311 -1.0200880024053267 -4.335559854055731 5.930420516785769 -4.7191662219932295 -5.357965439009412 -2.961192837762973 10.672584092464739 2.4740651351205543 7.112990282051006 -2.5849784158421962 6.410507949874276 30.322309914775943 0.0 0.0 0.0 0.0 0.0 0.0 0.0 0.0 0.0 0.0 0.0 0.0 0.0 0.0 0.0 0.0 0.0 0.0 0.0 0.0 0.0 0.0 0.0 0.0 
0.23776887445293918 34.11185745861145 43.644967403000926 95.56095901919184 -4.585586111685955 -2.032223638028237 -34.47252269422268 37.12635682548497 13.903516055939974 -19.32148243958859 4.766793648287075 -43.88113037563349 12.69168909200614 -6.015514429920831 -20.784492242219596 13.745303613396924 0.24303252450361723 -32.17556106702137 7.3295165422504365 17.692119849733775 3.42166509318628 -0.8014207640156251 -6.273682920678172 -16.596366307002537 -2.5139748755063134 9.855808164250499 36.486742887273095 0.0 0.0 0.0 0.0 0.0 0.0 0.0 0.0 0.0 0.0 0.0 0.0 0.0 0.0 0.0 0.0 0.0 0.0 0.0 0.0 0.0 0.0 0.0 
26.346130404550053 -12.111512369623982 -23.557305341269235 -11.50880130818963 -2.353877464509715 -14.320516865322714 6.919320567686652 4.476453192394082 -8.95050405000474 14.897488492618951 1.3492512195825301 0.22978039996358476 2.804879897501129 10.94093719211203 10.062604644018192 0.47407631458824795 0.6560244107644745 1.3282603488455247 -2.999680317901922 -4.366737894193776 -6.7883170484105815 -4.331650972718425 -0.7268797151683117 -1.0331823265443942 -0.12538568799860306 -12.455788677583891 -1.217717444495328 22.578456752722687 0.0 0.0 0.0 0.0 0.0 0.0 0.0 0.0 0.0 0.0 0.0 0.0 0.0 0.0 0.0 0.0 0.0 0.0 0.0 0.0 0.0 0.0 
-27.36202877752984 -23.91597985363709 7.6291234711994065 -11.220061293663937 -7.44783396648262 7.6864554621017405 16.298955728373553 25.478581344961857 -1.3696360644839087 36.17684489064799 6.935242161443241 -9.4538976001644 -9.858990475303143 6.338724617401935 14.073993850802639 2.7101415978675982 -3.2608277055183548 9.331015920098153 6.344488493746293 2.4050040301874644 5.578893704220463 -8.219359765621963 -7.926543019364536 7.457011536781909 8.481381811879423 -11.372445275595405 -8.705317726720995 7.77936001137667 35.15239179055178 0.0 0.0 0.0 0.0 0.0 0.0 0.0 0.0 0.0 0.0 0.0 0.0 0.0 0.0 0.0 0.0 0.0 0.0 0.0 0.0 0.0 
30.810879202385795 11.066458280035974 -5.597133507441288 14.424523483702096 5.6230169594432695 -6.268815796579408 -3.4695320883744447 11.350929294448166 8.182203822327734 -26.897667086210244 -4.221436243081636 -6.202941335541437 -4.712590194247675 0.15804162903402413 -10.536067086823879 14.104276700326734 1.1478172980063426 -8.463635212118131 -0.08961990618742421 2.3726681360902435 1.6109690522232096 -0.6106403353038998 -5.000096240374033 -4.347466465649994 9.34164279682609 5.895529705326049 10.615409584425963 -3.8401147241826363 1.4386433908565575 27.831392722243105 0.0 0.0 0.0 0.0 0.0 0.0 0.0 0.0 0.0 0.0 0.0 0.0 0.0 0.0 0.0 0.0 0.0 0.0 0.0 0.0 
12.73285244672551 2.1684589889537524 -15.97041771666564 1.4072735507145209 11.053559033818546 17.277044605618286 -0.4200643999431435 20.998770521720697 -5.795141489341016 30.778079037568794 29.43299669725211 -33.45416876482382 -12.543551515421301 22.03620310570094 29.146608486638442 -22.92394642328095 -9.966037020968946 13.164772127088009 -5.521180111095432 -15.882345451860173 18.278759600082022 -13.082907551037083 5.855159046179772 5.558257194790071 5.495938797168053 -12.513832426522688 -12.100699504117225 8.668248795101777 16.171817993927522 3.1022049196912986 43.478300350478584 0.0 0.0 0.0 0.0 0.0 0.0 0.0 0.0 0.0 0.0 0.0 0.0 0.0 0.0 0.0 0.0 0.0 0.0 0.0 
-7.228402954430705 28.688268766005987 6.580715310952298 34.05335582434158 -24.483589638883085 -23.611453738695168 7.960025714905345 32.518662221489706 14.255153664907736 32.39176857838862 -2.04357579564322 -29.884498607052752 -7.571280142019582 4.432627706988304 5.3930660084482405 -2.0906766814867366 -13.30112971033179 3.629822850125599 -0.8696280021559469 1.4770223999323837 -0.5407676339769218 -5.411926081464048 3.898881462617249 2.438766757316257 -7.122540578801248 -10.856449538118008 -6.779183336198717 1.1861231746375522 6.919697155646199 -9.808774600215495 5.684481213332455 33.635818435330805 0.0 0.0 0.0 0.0 0.0 0.0 0.0 0.0 0.0 0.0 0.0 0.0 0.0 0.0 0.0 0.0 0.0 0.0 
-53.261881797796846 -14.926498511604784 1.8150123392577895 10.091501892729253 2.586716759539303 10.413149040008937 10.072817229115854 -18.839244478506448 -4.8069601723486155 -10.972435986347653 2.3501874524490303 22.5588381183915 8.433381497319386 -1.5108811657522594 4.727166732364831 -7.267817937647799 -16.099296739351853 7.274520988735394 -16.515948846787335 4.991822017636661 -3.8296549605322614 -0.28425931463712717 2.795528728518172 7.990882894389466 18.169787770009865 3.5141965004677855 2.297325763372897 -3.4962840851276806 1.698408598143948 16.161470930001304 -6.7161544974818845 15.758304286033457 36.406114259949064 0.0 0.0 0.0 0.0 0.0 0.0 0.0 0.0 0.0 0.0 0.0 0.0 0.0 0.0 0.0 0.0 0.0 
-14.63811248381795 -3.048331990276289 28.81788417037196 7.837520045786722 -4.688091847625927 -3.8704465603886624 -1.824650768865147 6.448992384650044 -6.066494216884689 25.91494951853571 14.488933636216201 -5.13105172482388 -7.9959327760834595 6.467541562250296 25.090856059545743 -5.088719418540249 -4.549678313204213 7.541778915076669 -9.526809365194683 -7.237932781327856 7.039412516989191 -0.3636641978759036 4.606622714286625 9.344752287100281 -2.283622459479672 -6.530799767155906 -5.27705599991815 5.569135419022469 6.801777898406261 -3.7343678173198906 13.805792690956816 -3.0114493963503146 -6.920230238321665 28.815087871324184 0.0 0.0 0.0 0.0 0.0 0.0 0.0 0.0 0.0 0.0 0.0 0.0 0.0 0.0 0.0 0.0 
-9.300927253741332 12.343765647002538 38.31455097097664 29.255167110781734 -4.791892209925924 19.66337796440238 -12.394981651486548 6.64531328597378 -3.29803828508356 -4.363439332291182 -1.2782168376745753 -2.0548336991071396 6.206948894194989 -10.313222740468957 -5.0659913095677584 3.599804268299749 -2.758501437823307 -8.052406633590863 -12.997955805785093 -3.34059809197414 -2.034620808057684 1.8785651370212233 5.864402562234458 -4.1560030083753325 -11.806917570999484 11.00412661558118 11.725758665292503 0.32925418787225114 -7.956931221727022 -0.9913298769398895 5.650739724671375 -5.476494960634066 2.991525603265158 -0.7171493679730551 24.44669558169548 0.0 0.0 0.0 0.0 0.0 0.0 0.0 0.0 0.0 0.0 0.0 0.0 0.0 0.0 0.0 
-21.06800300867788 2.4053353894299634 -5.585889802503483 -15.682382836407871 -8.269134989758907 13.620834084700146 3.286239757164869 10.339613047252927 -0.01229877020126191 6.998839812314813 8.779287853606085 12.04011794087517 3.139705964529585 0.433298472923477 4.786717557237708 -13.82157941740568 -7.022845285404995 2.267155683392023 -3.985354352001929 5.444349589990363 4.652603720531278 1.1303370070943517 -0.5257367772898549 0.39968471065654804 -0.849585480430505 1.907042115076012 -2.9671007549214536 -4.938457160938832 0.9101395413440063 -5.297252946615364 3.7232493823683313 4.875898030319664 4.807879430636562 -7.369497364238161 5.42437625356616 24.809471906387515 0.0 0.0 0.0 0.0 0.0 0.0 0.0 0.0 0.0 0.0 0.0 0.0 0.0 0.0 
-21.07451966461016 -3.0402128709957728 29.992160079733633 -41.492727321161055 6.4649765923565825 1.862310422810386 14.26794309748624 -4.786748214819389 -20.33775153476478 6.008605267066504 19.895678977684703 2.7075774419051992 7.386619656795518 -4.735607631409255 7.926438462850753 -8.095664755699497 4.5385916717185255 0.5904260302990085 -13.762990792587399 -11.366937949495725 -5.755139639500093 5.6283164967628485 7.324539866550301 -2.015347076568649 -6.509908768823371 15.149038280125755 0.9952549671842963 5.358103324122997 -14.19994849148304 -8.940674466946334 8.453342358520063 -11.702614322727483 -10.594024228144804 1.005133259549286 5.414589436875541 -0.5223929733526986 23.711538753001708 0.0 0.0 0.0 0.0 0.0 0.0 0.0 0.0 0.0 0.0 0.0 0.0 0.0 
-5.100080600454133 19.501675123963526 22.65215948291996 38.40442596302278 2.3955909266467144 -0.5034701387066736 -14.405005610530498 16.944385677916703 6.598322514871365 -28.974355348331716 -1.2685197916078454 -16.601162089796617 22.200354802399914 -4.161231294425581 -19.607521639368336 4.921459679027902 -5.9679884514980825 -6.504799741127414 -1.4352190851209528 9.743945467573791 0.5131448481056855 -9.456391325818782 8.329199962019729 -5.905792965942142 3.2425494604355216 3.3797276416318742 17.991223746575706 -7.389504337759104 -3.302912328428475 8.13621294853282 -11.56213112966029 6.311263792986209 9.608804926712033 -8.339581177143717 4.277188507554579 0.22972918593194708 -7.240381995210329 21.583269989935886 0.0 0.0 0.0 0.0 0.0 0.0 0.0 0.0 0.0 0.0 0.0 0.0 
-46.22393740496725 -4.2504064308069225 45.78829410944481 -6.9604498629787335 -1.9797263314600566 10.177030632974853 -10.403380426083897 -17.444510888213532 -9.467184617840836 -8.549894354512244 -6.5329788304297125 15.141402891947374 2.283240223064998 -17.261975688842256 13.808665950780668 -6.937620040628395 -4.378632319263192 23.641653568628996 -11.996412717299448 -10.521677573787299 1.6045570219845176 -6.7526028190296685 7.836656102732615 8.532233591808644 -1.897283863631865 2.649513272020923 -9.044987100527772 -10.901496796165103 -0.2877648522571616 2.855001828669444 -6.129270964400702 11.477872625661183 4.95243061301906 -0.8352263271004121 -0.07971607336989113 -5.015910069327545 -5.553311632629151 7.583669858588293 24.32454468740265 0.0 0.0 0.0 0.0 0.0 0.0 0.0 0.0 0.0 0.0 0.0 
6.806057370603129 4.96862473438241 -27.285250785635245 -0.4190913108807244 8.992861939609295 -9.593424213064823 1.3392194956632513 -11.717805156770806 12.03312785396847 -19.334181649034804 -1.1828419287813339 0.17279276105558902 -7.994029261306522 7.951188251331373 -11.233058969376088 3.0954357222853393 12.676923728109491 -9.963388905791954 10.242142380920377 1.7460631361114174 1.8633673324984787 3.8970567121153357 7.460051515180029 1.8577160625182496 12.023454896506966 13.899484019945303 5.038593658028964 0.17316989179396602 0.4374250719873779 3.06313962190461 -3.950897431806713 -4.1379922724313 1.894730257332268 2.181945039524449 -2.4225421126402136 -3.0250472006061604 4.454441133802777 -0.6339600863217699 -0.29464810375007233 20.261132338244053 0.0 0.0 0.0 0.0 0.0 0.0 0.0 0.0 0.0 0.0 
-42.26965905856809 9.133509223644017 31.33145989704641 -4.329249288696882 -2.971432867056755 12.622964697997595 23.38363181490932 -4.049968746488435 -19.787826838335437 3.002955966186541 16.48945954753866 16.317201350543467 8.24873649388504 -26.334306221080464 -1.709006528947626 -0.9191201009966304 -7.561632467188246 10.279872493917312 -9.569660679977403 -12.261155484725071 1.9150726248189618 6.297481895849459 -3.3466684663015855 8.182812316281062 -5.952812401478941 -3.0363950537253737 -0.44730872746236267 -1.4162550821729596 0.6967406010590528 -3.519888433772898 -2.4496818244934198 -8.183294669203146 -8.374872723940689 0.982452173385773 -3.6151540617834503 4.5019071036652125 2.9037931918007205 -0.4993413186118234 -3.8200968564429703 -3.9939465354232695 22.47419946283514 0.0 0.0 0.0 0.0 0.0 0.0 0.0 0.0 0.0 
-5.9949282548844485 -8.685598541776468 3.6666593794003313 3.67336368490721 10.304920933283569 -12.445001499204595 -1.9522977169394868 -22.87926044034473 -0.11346071821397526 -26.484823027373945 -18.49279367080478 26.860013621798846 13.82377527755031 1.8529655608423432 -3.9251247285798057 3.870433658817945 1.956979488998359 -12.65530149502195 -3.8614584544099126 1.9194736156882095 -13.800162064235133 9.618594259221737 1.0172692901941895 -0.368679314616442 -1.495318913352175 -7.081043617792472 12.718492552347609 -2.9798709441949556 -12.160182613861725 0.18693024263497746 -9.457345343343926 0.291169453100154 5.1964446106353686 1.9665841561442279 5.6094068885404 5.706381164263367 -1.9145030181881237 3.1109137860806357 -1.7251550082509648 3.1480287339660054 2.428730605875376 21.059452360823368 0.0 0.0 0.0 0.0 0.0 0.0 0.0 0.0 
-23.1227813291933 2.3248703127938932 15.724082530433883 26.62673828319036 2.6225555413381443 1.607589938841266 4.967113197602269 4.869390853320999 14.859185195030369 -7.2067645990725175 11.621845677030405 -22.688024079322005 10.527240305223572 0.8643288345007945 4.39075168432092 9.561014102222773 -5.430343743714756 -5.205621807887277 5.227815394058711 10.21056139574953 6.104551329306645 -0.4060306157379987 -7.789758790793292 0.2757842236739719 3.2527536166170283 -7.280919196040512 5.303780562747161 1.330035619338764 11.290504505559065 1.1309534271702413 -6.532645665703214 5.279456805478247 12.778031259332943 0.5050898974745033 0.9558931106063606 -2.3112315007769535 -6.292617607706465 -0.39226505049504323 -3.5560142305563236 0.88138955730695 -0.6376469173039206 0.13837274251575504 22.104286246361962 0.0 0.0 0.0 0.0 0.0 0.0 0.0 
-11.579531692888448 -24.226987626268446 4.976920857671184 3.7540538954874436 -14.207532841896029 -14.527067919177426 3.006443716596376 2.757163071096246 -2.783101585666361 14.705537717618638 -7.259307567483437 7.675192095033989 3.6921815587453684 -0.6935374224540984 -4.954946991562775 16.09879778748532 -6.818288998223945 7.1235682078952305 -1.2200968401527124 -10.239557773469201 -10.151675795797305 -6.593620268207678 -4.951459038571131 5.944665467452548 6.512517081178164 16.02555606611414 -4.061260892143278 -3.7499681530240956 6.160307830136469 16.853024956386815 -3.659921588660604 4.549992227605599 12.159795756024987 -5.330653642373281 -2.1304454330284144 -5.486856599207257 8.884712591921785 -0.5768837511772387 6.646940668938331 4.779226930143055 0.07507616885225948 -5.369536198819492 -6.298367283908862 24.039231789410163 0.0 0.0 0.0 0.0 0.0 0.0 
15.131171680990647 1.4105673174387456 -23.48415025788953 -5.121275187611998 -2.001463518132317 -19.84287767061965 0.17456055114957564 -13.633243283177567 9.83555078666821 -15.594601902265012 -15.09981231861136 9.766406392166976 -12.322238619752676 8.422244002245174 2.2579109199341363 -7.908685545697454 -2.3667168521985853 7.683870848067854 -8.394440604316475 -2.627407564024707 1.8569399531235353 1.4050394157755894 7.727054159191981 11.841612282349653 3.4464259271372466 -8.98943203633264 -5.475491585744904 -9.770608445851142 -5.704299348379821 2.58542528365009 -7.90071485514123 15.245867593284624 7.640998488810843 8.857642081961025 -5.60601057700921 4.195446332249271 -9.480191799767244 0.591647984923644 -0.6714201683437627 -2.8159899410725244 0.14794176296616876 0.39290391383444506 0.22549744707449335 -5.274742132044195 21.93910988927519 0.0 0.0 0.0 0.0 0.0 
-25.31941414435848 23.125719078118834 46.973526755359124 22.188403341235098 1.8985606664112136 0.44031716639387886 9.462746538529657 -5.064587186324877 -5.7474561093522 -12.551272765947974 -11.645603797767063 -18.875248665183673 4.710085740793916 -22.225179436769842 -9.407507343494208 0.7371412335917198 -2.797509096391368 -0.34414592064071964 -16.087524697320063 11.916751393624141 -0.9898169519616831 -2.67616401689791 3.0828909834492886 0.7990740692912623 -6.860260459744357 -3.3311339962481243 6.270357329510381 -1.7702242283495138 -3.7084126637427004 -7.370231132309849 -0.023041419613078696 4.381965483979232 -4.677869812518323 -4.32299885223866 4.146148294518933 3.3409987243120027 -0.4963125771652917 2.7641199250831905 0.54293650198101 -3.2856355350230224 -0.30626729212620785 1.2714294630830798 1.516094640302897 -4.179586253471191 -0.20997317061048662 21.06161436801552 0.0 0.0 0.0 0.0 
-9.293139940368214 15.9848092999578 16.498947828380015 1.5269291678587933 -10.16924370308433 4.476306186016655 10.726721243390275 1.3633758813185328 -2.0574487360740705 3.923418450616547 -5.411746672226121 -8.233076501055178 0.8065619340100014 3.2338926559086913 10.143085680102272 -2.6911098892309187 -3.658308782979749 3.987788655568639 -11.47646627285016 -4.744517051148987 6.571245070213408 -4.136065807204772 0.4649636946665075 2.720559809595866 0.38199651640663845 2.826069742067104 -1.8247277642876476 -2.347813635053322 5.633898383814672 0.22338410497213715 2.526289387929978 -0.8578887983070693 -3.3150399002983106 -1.4799205236840873 5.877854364322083 2.393268459121804 -5.4872648318141115 1.892785630474754 4.535687189938608 -4.015501583587037 1.4198977471166092 -0.10629729551500705 -2.6586133576875834 -0.42255494818001765 -0.4725642069154723 -2.099607467575322 18.986459550545504 0.0 0.0 0.0 
59.16376929366718 -8.339872097956317 -34.67015855700943 50.51877132147538 -12.39045033015788 -21.306135641406406 -12.266579811146382 31.900298311909207 18.14470979674622 21.026629183778702 5.051992107008597 -17.85267565279952 -5.786218780881133 10.669630005627006 -1.8607727046380957 16.386392881554524 6.529295155995609 -18.882706157020838 24.301359139685175 -10.355845219911231 -0.6703603542206885 -8.51144236626407 -16.693954370238114 -15.491207949399294 -5.023441813776164 4.110146039188523 3.146292221854935 12.330450649622245 1.3314929383093008 6.320848276207449 13.202176584319284 3.4389245910018906 -0.9942735964632571 -6.097267028517038 1.6101067759987358 -5.085470296000028 10.219678730879284 -8.901836511493446 -1.7231079580651418 -0.6071756985007625 2.0686453853429745 -7.54926768533013 0.6293989584717633 6.27945835767749 -1.5085890240134163 -0.5347444905150985 0.46961428639972824 26.414771603727203 0.0 0.0 
-34.785857576531185 0.8203246127460916 0.8254963863822251 -20.645831724261214 13.185385965687663 -2.8036693451919317 27.655468391430997 -9.273532526262215 -20.10738705906851 16.22993967195231 15.263836286786423 -1.091108207978709 0.21201493806701036 0.28706974331053026 18.697443362509798 -20.960187155752383 -1.2256031656643172 11.509883233690962 -26.578850843635518 -3.774947428684749 -1.8700242287564275 -7.9584373707659655 9.243219125317847 10.36701496320221 4.7145300475237795 -3.9125987237015374 -6.191843445522941 3.651655555560652 -1.5274516897443577 0.03309328053318986 5.2002039554846 9.279614084963022 10.980967905901371 -1.934686757852027 2.7232021909743884 0.8625031207110897 -0.7526189389148056 0.7726569289080001 0.7094313162254073 -0.8498857597441938 -2.446732848242134 -0.29376412586206674 2.9401683822037574 -2.3607950207971182 3.0603877669535335 1.4396241308106288 -1.819138191567416 0.7058525459121938 17.442031245675498 0.0 
-22.182261906073116 -24.307545602523604 15.619149077674207 -26.072944942693265 13.784327594929186 2.218915000409961 13.527986780238566 -34.846376031759974 -18.43970547899424 -22.454723237429658 -8.42111718727858 33.57316120004476 11.30654616588229 -0.7867242423625599 0.49501388723878437 -2.0148366319581545 -2.467483276984658 19.55562053766606 -3.6578727786404186 -10.216323293120372 -11.71904466033315 -0.2958895305004441 3.9861602820066 2.0228153800742192 2.7736867254301223 0.3451117088996237 3.4480320663389925 -1.6627896323016507 -3.277891679844717 7.2527666320514 -8.143165227532302 -0.6056039364811036 2.4085680927636575 -2.0207596745668566 2.00646650484495 -15.224083605328342 2.201855273973 2.801257140817067 6.821842439212602 -1.265834541729324 2.141698138707469 1.5768058178754358 -1.9308215103106523 2.108898579919759 -1.2837379074314383 -2.1896061480598155 4.276404711131987 4.595928162817824 -2.282821405818293 20.863021770527407 
