-0.06129151557394317 0.27013331096267473 -0.5585237332492243 -0.16645971226549375 -0.17857164349687368 -0.022572335794149464 -0.5949519684242452 -0.09811251299134348 -0.11698118516696185 -0.5277846430162396 0.6266429968855617 -0.20760116350763833 -0.4543159396532553 0.14495962074446464 0.4536786138833587 -0.14523332748796988 0.34161330145858765 -0.45100515059065205 -0.4370494114172594 -0.3249217653545163 0.12974519263412568 0.1349931562423194 -0.3427159055729184 0.17182745378473305 -0.4338488959427982 -1.3780071786152863 -0.21954525726081303 -0.19699805891109498 -0.447762533860526 0.4606846418077122 2.546024451795854 0.195888193690351 -0.5414394677863592 -0.005808353435593598 -0.39727657937333316 -0.5795047990941049 -0.1256716326273156 0.11052003451277977 -0.19734413643383344 -0.142214027671671 0.2975109901271422 -0.009011610895817757 1.2240414894273708 -0.8641759467433957 0.12256619534958649 0.30989606721951546 -0.5172220951253474 0.31318029349970367 -0.06135241647231688 -0.12053775337470626 
64.89934497517584 0.0 0.0 0.0 0.0 0.0 0.0 0.0 0.0 0.0 0.0 0.0 0.0 0.0 0.0 0.0 0.0 0.0 0.0 0.0 0.0 0.0 0.0 0.0 0.0 0.0 0.0 0.0 0.0 0.0 0.0 0.0 0.0 0.0 0.0 0.0 0.0 0.0 0.0 0.0 0.0 0.0 0.0 0.0 0.0 0.0 0.0 0.0 0.0 0.0 
0.01593885365296233 36.71619846675015 0.0 0.0 0.0 0.0 0.0 0.0 0.0 0.0 0.0 0.0 0.0 0.0 0.0 0.0 0.0 0.0 0.0 0.0 0.0 0.0 0.0 0.0 0.0 0.0 0.0 0.0 0.0 0.0 0.0 0.0 0.0 0.0 0.0 0.0 0.0 0.0 0.0 0.0 0.0 0.0 0.0 0.0 0.0 0.0 0.0 0.0 0.0 0.0 
-19.286052197893966 -14.97758843693052 38.21710523330847 0.0 0.0 0.0 0.0 0.0 0.0 0.0 0.0 0.0 0.0 0.0 0.0 0.0 0.0 0.0 0.0 0.0 0.0 0.0 0.0 0.0 0.0 0.0 0.0 0.0 0.0 0.0 0.0 0.0 0.0 0.0 0.0 0.0 0.0 0.0 0.0 0.0 0.0 0.0 0.0 0.0 0.0 0.0 0.0 0.0 0.0 0.0 
-30.144219795806194 3.140599127612672 12.550765953227012 38.97473811565758 0.0 0.0 0.0 0.0 0.0 0.0 0.0 0.0 0.0 0.0 0.0 0.0 0.0 0.0 0.0 0.0 0.0 0.0 0.0 0.0 0.0 0.0 0.0 0.0 0.0 0.0 0.0 0.0 0.0 0.0 0.0 0.0 0.0 0.0 0.0 0.0 0.0 0.0 0.0 0.0 0.0 0.0 0.0 0.0 0.0 0.0 
-16.498023422056306 -10.11841043923539 12.923644965096162 0.9200669185461526 35.80431967201751 0.0 0.0 0.0 0.0 0.0 0.0 0.0 0.0 0.0 0.0 0.0 0.0 0.0 0.0 0.0 0.0 0.0 0.0 0.0 0.0 0.0 0.0 0.0 0.0 0.0 0.0 0.0 0.0 0.0 0.0 0.0 0.0 0.0 0.0 0.0 0.0 0.0 0.0 0.0 0.0 0.0 0.0 0.0 0.0 0.0 
-18.802988475179014 -0.5248327079217562 -1.9458910066730377 4.559000692700929 6.955669947177918 40.65960040773156 0.0 0.0 0.0 0.0 0.0 0.0 0.0 0.0 0.0 0.0 0.0 0.0 0.0 0.0 0.0 0.0 0.0 0.0 0.0 0.0 0.0 0.0 0.0 0.0 0.0 0.0 0.0 0.0 0.0 0.0 0.0 0.0 0.0 0.0 0.0 0.0 0.0 0.0 0.0 0.0 0.0 0.0 0.0 0.0 
34.522270894179 -10.818872378075834 5.081247917930274 0.9300289376035022 -2.288384087559593 -13.355320094863869 34.47795371201933 0.0 0.0 0.0 0.0 0.0 0.0 0.0 0.0 0.0 0.0 0.0 0.0 0.0 0.0 0.0 0.0 0.0 0.0 0.0 0.0 0.0 0.0 0.0 0.0 0.0 0.0 0.0 0.0 0.0 0.0 0.0 0.0 0.0 0.0 0.0 0.0 0.0 0.0 0.0 0.0 0.0 0.0 0.0 
11.642792119665625 -7.243997895970224 -12.126897085239113 0.5748128446519929 2.8117001507191213 7.838285549521666 1.0956075742975788 34.05987269443381 0.0 0.0 0.0 0.0 0.0 0.0 0.0 0.0 0.0 0.0 0.0 0.0 0.0 0.0 0.0 0.0 0.0 0.0 0.0 0.0 0.0 0.0 0.0 0.0 0.0 0.0 0.0 0.0 0.0 0.0 0.0 0.0 0.0 0.0 0.0 0.0 0.0 0.0 0.0 0.0 0.0 0.0 
1.4044875142428597 -14.454857101876666 14.967603608502385 20.657782990590217 6.627141970889314 -3.6505455588925324 5.348167100372176 0.8377383864458787 48.597248441126105 0.0 0.0 0.0 0.0 0.0 0.0 0.0 0.0 0.0 0.0 0.0 0.0 0.0 0.0 0.0 0.0 0.0 0.0 0.0 0.0 0.0 0.0 0.0 0.0 0.0 0.0 0.0 0.0 0.0 0.0 0.0 0.0 0.0 0.0 0.0 0.0 0.0 0.0 0.0 0.0 0.0 
-8.59185458166502 9.601831377945032 2.4867929146155796 -10.153220037101557 0.1665394872372315 -3.9829296164369623 -6.938638517704428 -2.8253210361159873 -19.872905143776805 37.08975900023806 0.0 0.0 0.0 0.0 0.0 0.0 0.0 0.0 0.0 0.0 0.0 0.0 0.0 0.0 0.0 0.0 0.0 0.0 0.0 0.0 0.0 0.0 0.0 0.0 0.0 0.0 0.0 0.0 0.0 0.0 0.0 0.0 0.0 0.0 0.0 0.0 0.0 0.0 0.0 0.0 
0.013841252314039074 -5.51493510184141 -18.26166578905823 9.60457252999253 0.8272944285113805 19.493259175627628 -4.287031654899784 3.673249151223401 3.1818726888646585 -1.5097737926972026 39.80298362252594 0.0 0.0 0.0 0.0 0.0 0.0 0.0 0.0 0.0 0.0 0.0 0.0 0.0 0.0 0.0 0.0 0.0 0.0 0.0 0.0 0.0 0.0 0.0 0.0 0.0 0.0 0.0 0.0 0.0 0.0 0.0 0.0 0.0 0.0 0.0 0.0 0.0 0.0 0.0 
-6.895805110943054 9.315273538679614 -4.875597597647278 -3.450030484182903 -7.266341958954675 9.39875644083135 -0.8104953649389129 -8.637995354053878 2.066259221937395 -4.432545136318965 -4.174774523079894 26.77082792832146 0.0 0.0 0.0 0.0 0.0 0.0 0.0 0.0 0.0 0.0 0.0 0.0 0.0 0.0 0.0 0.0 0.0 0.0 0.0 0.0 0.0 0.0 0.0 0.0 0.0 0.0 0.0 0.0 0.0 0.0 0.0 0.0 0.0 0.0 0.0 0.0 0.0 0.0 
-20.88384494538576 -0.5124905071486328 -6.183150049838314 3.4016196363445323 11.455767529677692 5.868040713636999 -2.5682429422506896 -1.5793090402275796 6.537608058316127 3.4924687939247434 3.405642542201102 3.920509902812649 28.65092874714538 0.0 0.0 0.0 0.0 0.0 0.0 0.0 0.0 0.0 0.0 0.0 0.0 0.0 0.0 0.0 0.0 0.0 0.0 0.0 0.0 0.0 0.0 0.0 0.0 0.0 0.0 0.0 0.0 0.0 0.0 0.0 0.0 0.0 0.0 0.0 0.0 0.0 
-17.39268022378713 2.480356080166805 -6.70387132173415 -3.3169901370837698 12.647126439346373 5.450074772342088 -3.4895192320593162 -23.58228317933688 -1.0837513399358223 -5.796934341920056 17.847387346515017 5.348421150469865 5.29372416116864 29.608726338494595 0.0 0.0 0.0 0.0 0.0 0.0 0.0 0.0 0.0 0.0 0.0 0.0 0.0 0.0 0.0 0.0 0.0 0.0 0.0 0.0 0.0 0.0 0.0 0.0 0.0 0.0 0.0 0.0 0.0 0.0 0.0 0.0 0.0 0.0 0.0 0.0 
18.581864154801032 -3.09033848854278 5.234011264284692 11.797517589277907 12.492763725308338 6.382400488132327 11.52114741091994 -2.6372452469543157 -1.6751294815420914 7.451227487210768 5.609881660337995 -2.2882188223465505 -6.79781172419915 5.812317682527283 22.265952145969308 0.0 0.0 0.0 0.0 0.0 0.0 0.0 0.0 0.0 0.0 0.0 0.0 0.0 0.0 0.0 0.0 0.0 0.0 0.0 0.0 0.0 0.0 0.0 0.0 0.0 0.0 0.0 0.0 0.0 0.0 0.0 0.0 0.0 0.0 0.0 
2.6844922197251044 -9.688164063242395 11.700363807351284 18.414588174599277 -0.888116947508989 2.6430964230579677 0.5882485157014629 -7.602771143035303 2.5217457182133804 -5.481909940839134 14.165028464264063 -0.08676126370205792 -0.902100111607286 10.20378442015228 11.147729388958462 33.82035993593384 0.0 0.0 0.0 0.0 0.0 0.0 0.0 0.0 0.0 0.0 0.0 0.0 0.0 0.0 0.0 0.0 0.0 0.0 0.0 0.0 0.0 0.0 0.0 0.0 0.0 0.0 0.0 0.0 0.0 0.0 0.0 0.0 0.0 0.0 
5.421310583586219 -15.200637024357288 -1.6456968142107267 -5.664571512180111 -6.535470223568594 1.6425144060027004 8.674394076020668 -9.755877017150905 11.726235481787352 1.3392559892061444 9.055942620531448 5.06859905539339 -4.933954406662832 7.003184063072686 -0.39381253891806783 4.379193002529296 30.459177240947454 0.0 0.0 0.0 0.0 0.0 0.0 0.0 0.0 0.0 0.0 0.0 0.0 0.0 0.0 0.0 0.0 0.0 0.0 0.0 0.0 0.0 0.0 0.0 0.0 0.0 0.0 0.0 0.0 0.0 0.0 0.0 0.0 0.0 
-24.1132526415156 1.8061816578084713 -6.028160008869768 3.8006041559872084 -2.4566344838393284 -15.097496651420048 -5.144945965745501 0.27280478900436717 -1.229524336866292 -12.130144780702397 -5.001031082301313 5.729864728138605 3.8888334443154657 0.7817781776073215 -5.5588492098682964 -3.484847262298894 0.8206566903794924 26.384170477223627 0.0 0.0 0.0 0.0 0.0 0.0 0.0 0.0 0.0 0.0 0.0 0.0 0.0 0.0 0.0 0.0 0.0 0.0 0.0 0.0 0.0 0.0 0.0 0.0 0.0 0.0 0.0 0.0 0.0 0.0 0.0 0.0 
21.178521463981973 -12.509738420605252 11.794623325086157 7.016960577576131 8.422686647822436 -8.10170457455002 23.81167127782975 -12.510450481038555 14.002202066162486 -26.73568881005758 -6.39980680562229 3.9094137839631116 -1.3988938229595531 10.991403722989599 3.800053260648443 5.087548996287019 -4.993974287206661 2.059836297814563 24.60670661520209 0.0 0.0 0.0 0.0 0.0 0.0 0.0 0.0 0.0 0.0 0.0 0.0 0.0 0.0 0.0 0.0 0.0 0.0 0.0 0.0 0.0 0.0 0.0 0.0 0.0 0.0 0.0 0.0 0.0 0.0 0.0 
-9.225966356335467 -3.106561302689984 9.203732369569128 10.056689836610943 -3.211025702835976 -8.36148697270108 -5.214210089399384 -1.774724721929146 -8.842043100989866 15.674416137059612 -5.528336593888946 -6.511095423393306 1.9229481525061674 -1.802716350011506 6.1606232567656285 3.6573687162893433 2.006480607872945 0.31946770595283774 -4.9548797972550185 27.978143302943582 0.0 0.0 0.0 0.0 0.0 0.0 0.0 0.0 0.0 0.0 0.0 0.0 0.0 0.0 0.0 0.0 0.0 0.0 0.0 0.0 0.0 0.0 0.0 0.0 0.0 0.0 0.0 0.0 0.0 0.0 
4.755507301411118 13.974986447279996 -1.7688772179407297 1.3549250561876947 -1.488328277301981 4.2412982844687095 -9.510210334789663 4.8444896285081915 0.38397268404795293 -6.434579287855327 15.799220863743042 -3.690843118231242 16.6242749752967 9.483491110653707 -1.579715022099047 9.24647413690399 -2.457847875390795 -2.8370068392756904 -7.520705143419821 -4.598404588106719 28.21307956262726 0.0 0.0 0.0 0.0 0.0 0.0 0.0 0.0 0.0 0.0 0.0 0.0 0.0 0.0 0.0 0.0 0.0 0.0 0.0 0.0 0.0 0.0 0.0 0.0 0.0 0.0 0.0 0.0 0.0 
6.3278487870115985 12.786587394611718 -6.4260451671487395 -3.7442298465122157 15.604652558831383 -21.751796108321447 -12.87762002467708 6.977815179855827 14.728013975559758 -4.220651467050626 -13.558889002848248 -5.442736877346048 -6.334552956277555 -0.9917234245916607 0.8582800619349091 -12.943851785984426 -7.363717181116806 -3.749512281762134 7.2785266276612415 3.861995228055768 -5.0464586879783235 27.151646252945547 0.0 0.0 0.0 0.0 0.0 0.0 0.0 0.0 0.0 0.0 0.0 0.0 0.0 0.0 0.0 0.0 0.0 0.0 0.0 0.0 0.0 0.0 0.0 0.0 0.0 0.0 0.0 0.0 
4.485806991460252 4.0204188377131596 6.077411986264475 4.400734519979932 -7.6771898370304825 -8.707890269011576 8.963738555884815 7.7525025545846304 10.200394405788787 5.915317184470458 -10.921971920774784 7.206425812244615 -0.12724903004857857 -9.041353827070989 -1.4573490439927703 -4.176555661523429 7.032787841736062 1.3050643955629462 -7.873408471228337 1.9718750771270632 -1.5840009664748942 1.0225826904491355 23.120150755233393 0.0 0.0 0.0 0.0 0.0 0.0 0.0 0.0 0.0 0.0 0.0 0.0 0.0 0.0 0.0 0.0 0.0 0.0 0.0 0.0 0.0 0.0 0.0 0.0 0.0 0.0 0.0 
7.96622026719638 5.950084029345829 -18.503357393121448 7.023078316115393 -6.633572861168448 14.75216157669726 -6.936569261702262 11.204149283659262 1.7848612350153161 6.934805311303124 17.776519621978018 -0.6751249499666149 5.761440310883374 1.4049499868090898 0.6523050395671554 6.861250934280582 4.562147396390416 6.174732025117309 -4.302710447991124 -5.166550919380335 4.731746003721796 -3.314142442918521 3.3532564704919015 22.43818322244108 0.0 0.0 0.0 0.0 0.0 0.0 0.0 0.0 0.0 0.0 0.0 0.0 0.0 0.0 0.0 0.0 0.0 0.0 0.0 0.0 0.0 0.0 0.0 0.0 0.0 0.0 
-3.0270122417611183 6.607637199294795 9.022264543380842 5.93515060257498 4.962554219262958 5.9934536059595676 -3.6970596579495694 -8.929433212091451 0.2463708563709513 7.30551990483485 -10.443040090114666 9.625392345213324 2.8121874600580035 -1.5752968293836542 2.7658073759317148 8.403977251569355 -3.927938388713974 0.9778761162900086 -0.11852157147251204 -2.7018232979483683 -3.5973364583893193 -4.032498467849635 2.2896992121560595 -0.8708643549506047 19.125829709930535 0.0 0.0 0.0 0.0 0.0 0.0 0.0 0.0 0.0 0.0 0.0 0.0 0.0 0.0 0.0 0.0 0.0 0.0 0.0 0.0 0.0 0.0 0.0 0.0 0.0 
8.237223800327907 10.843134072529592 13.861873701062526 5.241565636094023 -12.980038817314556 -7.964143022644495 8.781537774536023 2.7874207665777466 -6.942073635288727 2.79912791671657 -2.006143745798455 8.892277308780793 -8.741698384678624 -3.654181331764014 4.608532573936301 -4.701786236938545 11.660725636766882 -3.919266342902519 -2.3311438622506064 1.0233068520913637 1.9372268542993962 7.595715834262553 8.020893420997263 -0.9620262653789076 -6.38282599618986 25.732378990339928 0.0 0.0 0.0 0.0 0.0 0.0 0.0 0.0 0.0 0.0 0.0 0.0 0.0 0.0 0.0 0.0 0.0 0.0 0.0 0.0 0.0 0.0 0.0 0.0 
2.4016064674183357 -20.371437294454825 20.625057481516386 7.003570956849405 0.9510036984261776 5.32933940748564 18.483272205025465 -5.280310600411226 8.933174674563302 -12.546459482023652 7.839343024627672 -12.813003764098529 -8.480939444480656 7.2380282304563 5.972501057329986 15.68440214890383 6.6323912617368554 -8.65715979675194 10.5073437765019 3.0888230128526053 -0.8392138075798791 1.5054390937278836 -5.55332100781046 -4.514800130513188 1.7881660211778336 6.41906781658497 28.715430700312194 0.0 0.0 0.0 0.0 0.0 0.0 0.0 0.0 0.0 0.0 0.0 0.0 0.0 0.0 0.0 0.0 0.0 0.0 0.0 0.0 0.0 0.0 0.0 
32.865030693153116 -1.669573421584206 1.1624427841507452 1.7159497194909406 -1.7777537991399206 -8.105138412261187 6.173451696169068 -0.5864398810547726 4.04996181271121 -5.16238788192722 -6.895640093902074 -0.8072372919882681 -4.537734511572985 0.9070715683225127 6.907779572800202 10.857444961059045 5.715908934681625 0.24167887385316952 6.473344445052597 -3.862298603058092 -3.7093867473588524 5.624774662464669 0.20672082816855716 -0.21299577460631205 4.290150791526484 6.2377613394383795 5.558961805980854 19.264731340776144 0.0 0.0 0.0 0.0 0.0 0.0 0.0 0.0 0.0 0.0 0.0 0.0 0.0 0.0 0.0 0.0 0.0 0.0 0.0 0.0 0.0 0.0 
-16.101936234023285 -4.7499363679672095 14.308340962046143 -11.326921561242774 9.823382497265964 -14.288621905784732 -6.00907155130787 0.8996450431461318 -13.450234392197363 18.807062657431032 -23.391014672993037 -1.6836712956852116 1.6216600544564215 -5.049652071114832 0.16875385969252701 8.010361557506767 -9.071320827717402 -4.000025933557305 -0.6973335489963066 10.919567492010046 -7.52420485016999 -1.903321471619137 1.9038434321195492 -1.7150865660837058 5.171433952172652 -3.2530735624042 -2.4270289694811207 -3.3126356282621647 26.19371766799082 0.0 0.0 0.0 0.0 0.0 0.0 0.0 0.0 0.0 0.0 0.0 0.0 0.0 0.0 0.0 0.0 0.0 0.0 0.0 0.0 0.0 
21.533641871055693 -1.2811611545089863 -23.20791378326548 -21.038315372516543 -1.2989489432157273 4.107144629696017 -1.008568144887088 -15.342131323373314 -0.45847375622489195 -8.271680368877487 19.168092111514888 3.52699685137903 5.350280812343794 6.523428008095804 -2.916788257149108 -4.605057553287893 -10.036168543025061 -3.271708524579687 -2.3881122393094323 0.5868566492478524 -0.28248964020250394 -4.243328775480465 -6.328617974687506 -5.376223958683477 -2.526809598149648 -4.6679697788220835 -3.7357985623875543 -4.6560821346749375 6.78802921819506 21.987822426530318 0.0 0.0 0.0 0.0 0.0 0.0 0.0 0.0 0.0 0.0 0.0 0.0 0.0 0.0 0.0 0.0 0.0 0.0 0.0 0.0 
-6.190974652491048 -4.4332293795451685 -3.9607165293417177 -13.825509455533632 5.336684587214298 -0.6376932114296808 0.2541253788316898 -19.35549726239681 -0.564143785639624 -6.499524283755717 15.794311698627608 -3.3695753972749687 9.054556481411463 10.217909827709793 -14.998259275782866 7.251246896934244 -0.6118231748781146 3.7170617996308293 1.339739359968176 -3.599316187207691 -6.614339149697542 -11.875688251962117 -0.9656019951374215 -6.8334067496627195 11.942697375366004 -15.73045176980688 7.30066046870117 -5.750781137746274 11.397124151889304 6.271692372114358 27.662566214201046 0.0 0.0 0.0 0.0 0.0 0.0 0.0 0.0 0.0 0.0 0.0 0.0 0.0 0.0 0.0 0.0 0.0 0.0 0.0 
7.593825815970733 2.4327671625269796 8.286531617263616 1.3285272085901543 -10.512566198562183 18.031434511253455 4.0524111889963 4.655901994743204 -3.8184454308204634 7.715440271197804 8.161538894008286 0.21472630622799538 -11.098821026868652 1.3286799582187683 2.6637193681722904 17.993662139897154 1.283860086096928 -2.634438339502766 0.7361885329091112 -13.247275431830223 -1.8170736397407754 -6.908742855025876 3.1243264689048487 1.5317933868461073 8.239163541008296 1.7260905857423383 9.276122997221101 5.929780897941259 2.641073456606302 -3.300854303467985 3.4557429702375964 21.975213875469393 0.0 0.0 0.0 0.0 0.0 0.0 0.0 0.0 0.0 0.0 0.0 0.0 0.0 0.0 0.0 0.0 0.0 0.0 
-22.832413160821837 9.568098101460466 14.402731091128587 14.008801982616362 -1.9070943248209196 18.491618980638876 -25.592054438882375 1.3678354061288098 -12.595764545461579 16.54086802862955 3.2713188585727058 3.4972702743116537 -0.9961979773719354 -1.6941413152288172 0.47850990597487814 7.598866197577866 0.023872217931349325 1.064961545200729 -10.855366844351575 1.557512711078827 6.408718186814628 -3.774346915770255 0.09204466454185278 2.8178552139350312 5.50911125443501 1.5536565305463146 -3.144745504749429 -1.6811614285236836 2.990267511818946 -3.6297222845679586 1.0579718541056808 3.0612323107684363 19.11738491590451 0.0 0.0 0.0 0.0 0.0 0.0 0.0 0.0 0.0 0.0 0.0 0.0 0.0 0.0 0.0 0.0 0.0 
17.642422226597084 3.2659403188759413 -16.90454456866799 -0.09937253082017054 -7.365917015809662 9.314640482930507 2.857614937833929 -2.310250863255012 -8.365997859341604 4.761511911458159 2.979104670357252 4.128817535192897 5.8120880743633645 -3.0028339797779524 3.0749906984596347 -8.934033051021707 2.0293597652912334 7.145512777751712 4.552498865438174 -2.9927626585847618 -4.204569691669378 -0.26940121763660985 -5.626236677216873 2.0617820572363015 1.278130230628047 5.203291749715776 -0.2544759833922133 5.344781398736535 -3.220807596626623 1.3607068113026943 0.6770671680187489 -0.7807362576614727 2.018963629357251 19.705828457911707 0.0 0.0 0.0 0.0 0.0 0.0 0.0 0.0 0.0 0.0 0.0 0.0 0.0 0.0 0.0 0.0 
-12.055270160577667 -2.9894985823568927 4.815416627424085 -7.106629960359622 10.006677215224759 -7.316062912606237 -7.91733432423449 10.462967726257258 -0.07442040746591239 16.62136634799305 -14.042056848789118 2.588268645418877 -0.16854551896499553 -2.8826161784242834 0.06210099674751867 -9.040703899017348 -1.1299195292902364 -6.824970843819033 -1.6046872996784676 -2.682507259445599 -2.7225703049228613 8.891958030786094 -0.13276922085370932 -2.791551157034469 -1.2865134882947569 4.325905983743184 -0.5599263880123679 0.3654327582482946 -0.3283086851458162 -0.741999352185656 -4.129421339094505 -1.490553728179811 -0.9852380124124837 -1.2860181714525492 17.95169656492471 0.0 0.0 0.0 0.0 0.0 0.0 0.0 0.0 0.0 0.0 0.0 0.0 0.0 0.0 0.0 
-10.497309950443606 -18.360008670485808 5.412746596040738 -11.539579360416996 2.175954098897948 -12.514996722731325 -2.5537106142648005 1.7705305805762637 -12.24306924896801 9.048406605852582 -15.625041630304807 9.512728811778876 -11.68587157201258 2.0536906663380625 2.5035395625129344 -7.463767887154317 2.6154937309476045 -1.9734961093523304 -2.597861267417656 2.8109649996849995 -8.109360478241106 3.4377225268649974 0.44430600021279515 -4.636017747568913 0.4007018891583149 6.469800370112739 -0.002214129804526759 -0.23087384754007462 5.346291794102821 1.4150086312606365 -3.6593096402426837 1.1232191619573157 0.805395874682804 -1.103261876302332 6.430392108740241 18.815276341464212 0.0 0.0 0.0 0.0 0.0 0.0 0.0 0.0 0.0 0.0 0.0 0.0 0.0 0.0 
18.287598960460596 -3.948736773074604 4.04546550466716 6.812121729793566 4.066032982056117 -13.829374608387251 16.582983546607846 8.837637319254688 9.645537543544947 -4.7374475342063995 -4.358219563349758 0.09838144296501304 -2.4679203462655868 -5.3143085438624516 7.715994782593921 -2.6146539359928287 6.355883848056143 -3.2660558836987583 2.270140201383087 0.6379514705650126 -0.7348080907893025 7.615845813455728 -1.987894525016505 -0.30133306318014896 -6.130546747996654 7.704534460141311 2.221860501355508 3.475689755224432 -7.268248416012592 1.2882245206056382 -5.5282036834030714 -4.491581228057433 -5.2478172100580025 -0.922943031076631 2.5164242404796693 0.6652454244920831 18.737966125712088 0.0 0.0 0.0 0.0 0.0 0.0 0.0 0.0 0.0 0.0 0.0 0.0 0.0 
20.197962004047756 8.033167981739146 -7.167835859384425 2.8554915427702694 -2.6782214460572598 12.086512162729777 -5.55774229661748 5.8436561810747545 -15.677588015559053 22.92160910049144 7.178165618670751 -3.855912502202811 -5.8273800430589136 1.3834085521974553 4.346497686414674 4.842825154901114 -4.479457658454745 -4.344929796625548 -5.458380409250134 -11.245496662756155 0.9970807724435224 -6.259689709922209 -2.556802896308862 3.6750764154132534 4.039307499909228 -0.3240466155047402 -2.5413657703827877 1.8518894552501008 -2.2839897499567225 -4.4756553896609965 -1.5252526083592466 5.253683820152374 3.3336038456468615 1.192777677476053 2.356956440530479 1.4767926863150718 -3.0798479505038876 18.141284564152755 0.0 0.0 0.0 0.0 0.0 0.0 0.0 0.0 0.0 0.0 0.0 0.0 
-4.923216782466477 12.090863020838874 1.2602851754823883 4.387590880584321 -6.925271503400581 6.971708913270092 -0.8679570032641521 19.291098060239193 -8.684329025654602 -7.545720954939656 -5.9525934234848545 5.324415185425402 -4.221959496157101 -8.101786887926428 0.8576297702760468 -8.572294365076596 3.250464143647113 4.448622880196445 8.719522160147795 -4.844314492973041 10.734482139935144 8.427704747016708 -2.089643311207327 7.784826387744675 -9.133741025860026 15.571728139545217 0.2065373942267494 5.25129873532111 -11.221791695746179 -10.459632702226715 -12.624677332847332 1.627389972206857 1.5070586844995728 1.3854599270952161 -2.080713002852039 -2.372722175416791 -0.4812266940137195 -1.9410798694825284 20.248767254796327 0.0 0.0 0.0 0.0 0.0 0.0 0.0 0.0 0.0 0.0 0.0 
10.018300525296945 1.1649084262648546 3.4883123621841885 -2.8940685313195167 -1.187925087919381 -8.679146719479846 4.564201493609439 4.160640726061071 -3.835651680060383 -16.64788750730432 -6.314434471911735 -0.7033075736856625 -1.1764713881636102 -8.28235853623656 -0.4385951528580193 -4.426746626006419 0.0129113271933419 0.9257418916330998 -3.1391001296709438 5.3027520450150645 11.673707011851523 -1.8298073589157229 3.0592092639053767 -1.5932215984148748 -4.939618379133551 6.028661386595288 -0.774784984998276 -1.7648760529680951 1.3396131262304682 1.612113668025926 -7.015529635864668 -1.4960383277709093 -0.8075565125971841 -4.352159470599663 -5.058901859044175 0.9236900813665166 -0.0075303165149975424 -4.098406716661476 4.216716147968015 19.757470341267165 0.0 0.0 0.0 0.0 0.0 0.0 0.0 0.0 0.0 0.0 
30.025405660787538 6.022379665077214 -23.80995672353087 -3.5520669521756147 -6.105298921428589 6.092048942992999 -11.631213326297567 13.796462842426862 -3.131774423819811 9.555572402323698 5.669434710938973 -4.984724265117535 5.0781667139453095 -12.740604064378552 -3.012251715080858 -13.51343476200376 -2.9919849349450605 -6.420868194153118 -2.8387321039847264 -8.547308377982784 -3.252854581660071 7.951247059704856 -1.8778049938066446 10.238397406265284 -1.2280361895528673 3.1822522262818818 -5.003010795462748 1.999661753498165 -1.1140279442342025 1.8898915276407253 0.027636548784074743 -4.867549641608342 2.8853536977744567 7.830588365981282 1.5498017593581366 0.2440104554911184 1.944078940866702 3.0732254716447103 -3.2820347808168164 -3.6780876372701106 20.691264331107913 0.0 0.0 0.0 0.0 0.0 0.0 0.0 0.0 0.0 
3.6048900673167106 -11.629737706918986 -0.1415430868685655 -6.919285379703043 10.228131475981215 6.766565104115201 -5.0868763049972925 2.597192647382785 4.427967758330694 3.2965435775059637 -10.423974450827304 4.628594794571195 -5.640875337004817 -3.6675591195887574 6.194288396329355 -5.306384153849786 -5.2165147785342 -7.9011339259443485 2.4176984338837357 -4.94061060876646 -2.865659050332053 7.048714847484553 -1.6121234475815072 1.0092234805125546 0.36617443726799004 2.4710050618521064 -2.0211900035510144 2.8192659269831934 -0.5013829594721533 2.704996690202992 -9.998725062128912 2.5118665555858453 -0.645126825997694 -1.4251471737135823 4.929772027191323 3.8963264673615474 0.2459875483391129 -2.7467263753726106 -0.43049633353348044 3.000321725845889 2.4045938064647423 18.05685738170637 0.0 0.0 0.0 0.0 0.0 0.0 0.0 0.0 
27.299513485333712 4.090356133308398 -12.080252378836121 2.199298061509331 8.78858832553182 7.877450763600077 -4.232622521665892 -8.27837276875074 10.135475334093663 6.432241107287068 25.834882620615893 -16.8783036064163 8.990289438861847 12.012483743668776 -2.5137293586968745 -6.244597911278204 -7.049096761384766 -14.246744310299858 2.138163587782834 3.5251197831608367 4.1132024943270595 4.673852247237484 -5.70537114649171 -1.0129986573341552 -2.1711166140689984 -6.705211333354662 -0.4178376102548641 -7.125761883936897 1.1163853235723946 0.710774753789568 8.30885959174294 -3.866218317499971 5.354676659034988 5.024316770741093 -1.3453483398720998 -4.9633670052436 -6.088968120437751 6.6160160946999 -2.1541582247843882 -5.549964713853018 4.101661280905195 -4.624334359805445 19.72531546902054 0.0 0.0 0.0 0.0 0.0 0.0 0.0 
-30.33819501785397 5.455570597686179 1.0005074721987628 1.9766891447168633 -0.4332496591839867 4.794166046706135 -4.224074281951457 -6.480689532022089 -23.91075919156204 2.0344991757793465 -3.079380686124513 5.966912265637335 1.8424859287154727 5.988585656012697 -0.5930224994176145 3.5325914495848734 3.4577428507114982 16.120548010128825 -5.963203016196236 -3.730345868548418 7.668953950620103 -14.914250759691514 -3.835370216089483 4.2681056525861525 -3.006020466096624 -0.7480025936717949 -7.960662502636575 -1.9979250973586438 -4.144269493401424 -7.533819525081927 -3.971864480178611 -0.827471063585262 2.3440506565983608 -0.9414664205839717 -2.5216160950211344 1.5718946368034765 0.33615891350687827 5.665186910782871 4.527734614406129 1.7456890446579059 -4.86816097248622 -7.048362518221164 -1.870840001744061 19.615650883350202 0.0 0.0 0.0 0.0 0.0 0.0 
-7.086089461546923 0.72406441793309 -5.371751515845287 -1.9469972269982416 5.613550473141045 -9.54432812964597 -16.873221644642847 -15.043825638653617 -0.5909481766354101 2.664023763310339 -2.393764195220026 -2.973701699911183 -1.9148116882344488 1.793302855249285 -8.260958113810585 -7.121318381609365 -7.488568058727247 -1.1126834919723394 -0.7079080609433679 -2.6667161649965845 -0.3350342542852703 2.5142168979409925 -3.323458871596859 3.64930209283967 3.1467757661043296 -7.833684985056049 -3.1531980987275965 -2.2298120499604495 -0.7764566781370086 0.0047965383926641325 -1.2155418505883766 -3.5494617197280784 4.963560329179746 -3.5549286906229582 1.819573948931446 0.9883368743713367 -3.0177020491758957 1.9520415818780992 0.8068396413427424 0.8254689710807556 4.380296712562121 2.663502316537964 1.4317536527532233 0.9764765192024516 19.17234201947156 0.0 0.0 0.0 0.0 0.0 
-6.986721422577815 -1.4385441367243845 0.9907576300205212 -0.300224531458346 -5.719500542628469 7.289575814433406 -1.568201222068534 -5.3837687584440905 2.41423878202082 5.2631763281704895 17.393203694532982 -5.520800308288673 1.045005595949385 8.884926540815071 -0.23525089152759845 20.001076334308454 -4.281275590201335 -6.344556224329379 0.34587683834628885 -1.8062226220892903 -2.466480822800674 -4.5070917169667695 2.0588332253132258 3.270454922881824 0.37104145342220624 -4.6685677694952625 4.907453360622182 -8.349520817867432 8.62859519185108 1.103453917484857 6.944929254771416 3.0252413852560798 -0.8775553324927907 -1.9501414576601526 0.12171589355060965 -2.6013984440816587 -2.4366144979570326 3.2021195415622326 -2.6753767560166635 -4.398230009336915 0.13335798876820418 -2.497962846534498 3.8519123920165046 1.0533780795537304 -2.6519026466344937 18.566355884798273 0.0 0.0 0.0 0.0 
-3.1957101717174408 -1.7763155613410515 14.502534713898983 -0.4036327325269624 -2.3999642203051144 -3.268455327947923 -1.3157719969915669 -4.253167712936837 -11.893251035829223 17.713976085474883 -9.567645808549322 1.156490317275965 -6.461163300337968 3.1706873880994504 2.514070948160813 5.118001810291865 2.316925660085144 -2.7854774523662766 -3.0598924959237745 -4.681400282820204 -1.8082582906702362 -0.8577414951249922 5.437086068627295 0.7280417911641763 6.25302366255704 2.781794612886396 3.467431599083764 2.834289100526073 -0.016435477773899216 -5.783362916008808 0.5654493647387082 2.0935879778599102 1.6177921312887338 -1.557925886955726 3.757634058350449 3.7802060925436725 -3.1684292252611392 4.730917387394619 -0.1290975782650123 -1.9954078975278595 0.6734832714553229 -1.3169936497246357 -0.29034052456261983 2.056442180312009 3.4196881358702806 -0.5739390505403021 15.780830029586145 0.0 0.0 0.0 
5.3162558434267 -32.08304161365198 7.716278567085745 -1.9379864906952908 3.8674025184248304 -2.070574163654719 13.392020421396353 -21.62932225700641 3.5569396544015914 -21.46056309651505 8.12815617576641 -3.049663241424216 3.727401900480195 17.333455000811213 -2.0157512267612607 2.7863165276503215 11.480691870923394 -0.9302991442742784 6.176475319171682 -1.670324579302489 -4.910823497292485 1.0684660834242983 -0.32139798506750716 -9.41037112192522 3.1154413085076684 4.212829101197455 12.746829539105569 6.446799966094226 0.13499157072117834 2.211511234557507 9.162718963312521 -1.961760514037216 -1.2782918228946283 3.5707823447101217 2.853579892063193 5.792701189175499 -0.9348989294187188 -0.2342573583725918 -3.6391354248744765 -1.7323331016633554 2.519557499418916 -3.0107357058032163 0.5990388929746268 1.9771239529517906 1.2524912045548946 -3.5152585210859213 5.3585680490685785 20.116871287856004 0.0 0.0 
26.062123502261656 17.679709979102448 -8.882851176435455 -4.952532364868537 -14.090241550489434 7.416997389071823 2.6507268859288846 8.992324255002945 -6.93885584332644 13.642757961932187 -2.784496194051562 10.608058085705737 3.901144583520701 -7.128594916960173 1.418128347454616 -7.850280596739024 0.7641718713047999 -8.106756705338839 2.22437466638149 -13.333806391755983 4.039479820732112 3.872949480612079 -4.239390851340326 2.572837738484231 1.0735204224384325 13.198259932111577 2.2426514016713974 12.260010166343477 -9.457734256461093 -1.4996005434416129 -8.770003583960854 4.272220135369981 -1.6271561469154536 4.5349485991090885 4.196137261152313 1.5187524540966872 3.6424735749588026 0.8117313679057553 5.425627623981209 -1.5396138530368217 2.552449412003986 3.0868747354531023 -2.749037376633391 -3.183450749168793 1.4770180985598862 -5.146863592607326 1.4728490598125716 -0.361270389730887 18.4809695471124 0.0 
-11.563753199112558 7.289677198887413 13.381149859377377 8.726814209512495 4.1046689602514475 -16.0897258735605 0.650454679215719 0.8126049215273978 14.401092196995965 -4.860099205019218 -30.51310984094908 3.987949652130724 0.18207665527906547 -10.676690578733941 -3.410830875630083 -3.0612711438691886 -2.4514956387553952 2.0686546333027467 5.742014013238523 3.130136893145957 -6.237957579688852 9.243454385758515 7.429382170190201 5.896529290406149 2.2070773716408727 -0.4424168953204804 -3.053829369056827 3.766309726076835 1.9901422761462761 -2.2945383291193497 -3.000262547863735 -1.037683977297391 -1.6167230191155781 -3.642797975643268 -0.019109198704508903 -1.9617092522207413 3.1079354934730383 -4.9490411623537645 -0.6122140718537308 -0.9484514856884023 3.9177265410060866 4.081024760880714 -3.9620168116128065 -2.5939180268340487 4.113967607753562 -1.7067948737432759 0.599582189353983 0.2617556115814666 -0.09601358151689635 17.33763051902148 
