0.022782254566595318 0.14701383933622852 0.028955858056697675 0.05640651058963656 0.0907853526025407 -0.1177340726296056 -0.5388475844583382 0.004566299053449348 -0.08618116055724216 -0.6620780599592561 -0.42556308907341206 -0.6063063056345074 0.036864294025647774 -0.15980161205679239 -0.16291723781003545 0.09512664487600761 0.22047153366657685 -0.0444132726297392 -0.03358684105152153 0.005081783643456149 0.28201493699945435 0.005298557332372665 -0.007274540123315267 0.08743145880175847 -0.29706662210528156 -1.7761489801977368 0.06095606514567807 -0.08294952507838495 -0.4398986486218239 0.11450072211724723 3.079559975635006 0.11748075542738373 -0.4924260530461593 -0.6835811621220309 -0.07485328808018363 -0.33306984987592825 -0.2077921017394108 -0.045585116106520884 -0.09193191589435003 -0.003188389372582899 -0.5845681497460871 0.22007237197539062 0.08838266523867559 -0.24804514274216025 -0.31338550074052823 0.3675219855821635 -0.7451847087683776 0.08061057552737368 0.05891921075063681 -0.06266911835586321 
120.10298780740274 0.0 0.0 0.0 0.0 0.0 0.0 0.0 0.0 0.0 0.0 0.0 0.0 0.0 0.0 0.0 0.0 0.0 0.0 0.0 0.0 0.0 0.0 0.0 0.0 0.0 0.0 0.0 0.0 0.0 0.0 0.0 0.0 0.0 0.0 0.0 0.0 0.0 0.0 0.0 0.0 0.0 0.0 0.0 0.0 0.0 0.0 0.0 0.0 0.0 
0.7274254382042455 126.81433218666965 0.0 0.0 0.0 0.0 0.0 0.0 0.0 0.0 0.0 0.0 0.0 0.0 0.0 0.0 0.0 0.0 0.0 0.0 0.0 0.0 0.0 0.0 0.0 0.0 0.0 0.0 0.0 0.0 0.0 0.0 0.0 0.0 0.0 0.0 0.0 0.0 0.0 0.0 0.0 0.0 0.0 0.0 0.0 0.0 0.0 0.0 0.0 0.0 
-8.451028799531167 -33.85148600532229 113.35676747650561 0.0 0.0 0.0 0.0 0.0 0.0 0.0 0.0 0.0 0.0 0.0 0.0 0.0 0.0 0.0 0.0 0.0 0.0 0.0 0.0 0.0 0.0 0.0 0.0 0.0 0.0 0.0 0.0 0.0 0.0 0.0 0.0 0.0 0.0 0.0 0.0 0.0 0.0 0.0 0.0 0.0 0.0 0.0 0.0 0.0 0.0 0.0 
-14.812849238094248 2.2158709485116197 -23.74779272236422 93.79181950698633 0.0 0.0 0.0 0.0 0.0 0.0 0.0 0.0 0.0 0.0 0.0 0.0 0.0 0.0 0.0 0.0 0.0 0.0 0.0 0.0 0.0 0.0 0.0 0.0 0.0 0.0 0.0 0.0 0.0 0.0 0.0 0.0 0.0 0.0 0.0 0.0 0.0 0.0 0.0 0.0 0.0 0.0 0.0 0.0 0.0 0.0 
0.06862556209335136 1.1944723089959355 17.910499118066593 -15.048623524168255 89.33107970096195 0.0 0.0 0.0 0.0 0.0 0.0 0.0 0.0 0.0 0.0 0.0 0.0 0.0 0.0 0.0 0.0 0.0 0.0 0.0 0.0 0.0 0.0 0.0 0.0 0.0 0.0 0.0 0.0 0.0 0.0 0.0 0.0 0.0 0.0 0.0 0.0 0.0 0.0 0.0 0.0 0.0 0.0 0.0 0.0 0.0 
-50.723635726898806 -45.20497176741158 51.42469385014643 -31.568596736858964 -1.7288637414163337 107.98196525939153 0.0 0.0 0.0 0.0 0.0 0.0 0.0 0.0 0.0 0.0 0.0 0.0 0.0 0.0 0.0 0.0 0.0 0.0 0.0 0.0 0.0 0.0 0.0 0.0 0.0 0.0 0.0 0.0 0.0 0.0 0.0 0.0 0.0 0.0 0.0 0.0 0.0 0.0 0.0 0.0 0.0 0.0 0.0 0.0 
-0.5805898525056726 -44.711650857519544 -15.971341090901308 4.926977192510835 6.343425913983666 9.570320921479585 106.3851030510963 0.0 0.0 0.0 0.0 0.0 0.0 0.0 0.0 0.0 0.0 0.0 0.0 0.0 0.0 0.0 0.0 0.0 0.0 0.0 0.0 0.0 0.0 0.0 0.0 0.0 0.0 0.0 0.0 0.0 0.0 0.0 0.0 0.0 0.0 0.0 0.0 0.0 0.0 0.0 0.0 0.0 0.0 0.0 
11.971866566839578 -23.525060331063862 7.391583753488294 19.605699832039335 17.329910664197598 -0.7429813849225296 5.0526922192724335 93.10438638078458 0.0 0.0 0.0 0.0 0.0 0.0 0.0 0.0 0.0 0.0 0.0 0.0 0.0 0.0 0.0 0.0 0.0 0.0 0.0 0.0 0.0 0.0 0.0 0.0 0.0 0.0 0.0 0.0 0.0 0.0 0.0 0.0 0.0 0.0 0.0 0.0 0.0 0.0 0.0 0.0 0.0 0.0 
-13.060636005636912 20.62070645254166 -57.75091349044519 31.893616983358676 -32.44576178546156 -27.868227163954145 -11.421391194042002 -33.00589260193158 112.44691172876443 0.0 0.0 0.0 0.0 0.0 0.0 0.0 0.0 0.0 0.0 0.0 0.0 0.0 0.0 0.0 0.0 0.0 0.0 0.0 0.0 0.0 0.0 0.0 0.0 0.0 0.0 0.0 0.0 0.0 0.0 0.0 0.0 0.0 0.0 0.0 0.0 0.0 0.0 0.0 0.0 0.0 
6.527508014415518 24.309923666892395 25.71423524996404 -20.086023298811504 -15.211639860906109 4.946184494218886 4.693636392266545 -22.625367338388504 -17.297476318722516 103.62454468038962 0.0 0.0 0.0 0.0 0.0 0.0 0.0 0.0 0.0 0.0 0.0 0.0 0.0 0.0 0.0 0.0 0.0 0.0 0.0 0.0 0.0 0.0 0.0 0.0 0.0 0.0 0.0 0.0 0.0 0.0 0.0 0.0 0.0 0.0 0.0 0.0 0.0 0.0 0.0 0.0 
10.93140234638908 11.514340310142003 -72.86868040390033 37.05019778304975 5.312814612671532 -20.35450546096832 19.9231425029266 -36.50557936367647 31.25524308471236 42.50861319539164 108.93355470632366 0.0 0.0 0.0 0.0 0.0 0.0 0.0 0.0 0.0 0.0 0.0 0.0 0.0 0.0 0.0 0.0 0.0 0.0 0.0 0.0 0.0 0.0 0.0 0.0 0.0 0.0 0.0 0.0 0.0 0.0 0.0 0.0 0.0 0.0 0.0 0.0 0.0 0.0 0.0 
-47.54340340356035 12.974523234235937 -23.721478354264843 -31.344627903475793 13.69208054452347 3.177386543287555 -9.59048655799458 -58.265183203564014 6.278112875054433 -5.2193543503451245 12.427487737786091 104.37041582018499 0.0 0.0 0.0 0.0 0.0 0.0 0.0 0.0 0.0 0.0 0.0 0.0 0.0 0.0 0.0 0.0 0.0 0.0 0.0 0.0 0.0 0.0 0.0 0.0 0.0 0.0 0.0 0.0 0.0 0.0 0.0 0.0 0.0 0.0 0.0 0.0 0.0 0.0 
11.666793326602171 -23.481584372267953 -7.733667802567902 -4.274600476413857 -25.14232894174297 4.074565180292457 -13.428189209549672 29.455372328465643 24.839578232149123 -10.854312975783236 7.767571087860777 -36.9749639801482 92.30671646095824 0.0 0.0 0.0 0.0 0.0 0.0 0.0 0.0 0.0 0.0 0.0 0.0 0.0 0.0 0.0 0.0 0.0 0.0 0.0 0.0 0.0 0.0 0.0 0.0 0.0 0.0 0.0 0.0 0.0 0.0 0.0 0.0 0.0 0.0 0.0 0.0 0.0 
-37.51221795509097 -10.814575288081356 36.24028023055468 -25.53368878042197 32.434281596735666 30.344307784474967 20.62999929159431 -52.58953456298605 -38.12166410675807 -0.8199942319839558 19.371126826338667 38.781221054256044 -29.523242943836436 94.21209996796463 0.0 0.0 0.0 0.0 0.0 0.0 0.0 0.0 0.0 0.0 0.0 0.0 0.0 0.0 0.0 0.0 0.0 0.0 0.0 0.0 0.0 0.0 0.0 0.0 0.0 0.0 0.0 0.0 0.0 0.0 0.0 0.0 0.0 0.0 0.0 0.0 
-24.21254049778367 -15.501216889724372 10.391191724010687 -10.806355298892967 29.36360573182429 -21.412629936343325 -13.580221116440406 -21.64701312737941 -4.105373032615901 27.03434056129784 -9.046998355671315 33.24384113769308 4.652904238647727 3.7089574149852904 88.19607026374403 0.0 0.0 0.0 0.0 0.0 0.0 0.0 0.0 0.0 0.0 0.0 0.0 0.0 0.0 0.0 0.0 0.0 0.0 0.0 0.0 0.0 0.0 0.0 0.0 0.0 0.0 0.0 0.0 0.0 0.0 0.0 0.0 0.0 0.0 0.0 
38.29408698701776 14.453710545285468 -11.569796945188203 -7.3452371559874825 -13.66108280747876 -24.57306656145135 6.102311823285702 15.204862775615197 7.004469044214068 -13.175958017441683 12.203397533819219 -2.8643209120526203 4.3438670191524995 -12.900045208997087 1.4165482623849732 65.23843973437268 0.0 0.0 0.0 0.0 0.0 0.0 0.0 0.0 0.0 0.0 0.0 0.0 0.0 0.0 0.0 0.0 0.0 0.0 0.0 0.0 0.0 0.0 0.0 0.0 0.0 0.0 0.0 0.0 0.0 0.0 0.0 0.0 0.0 0.0 
12.454220006483254 6.764261415583154 -27.74553780643842 -6.134048547599499 -14.19342042813157 32.65828419246583 22.303748623391403 15.910807964109523 19.905143679678005 1.3203747044207874 21.608928364261647 -28.84680061995558 -19.726289102535592 -6.125453293718887 -23.869720772884474 12.443580285259207 76.88022541600357 0.0 0.0 0.0 0.0 0.0 0.0 0.0 0.0 0.0 0.0 0.0 0.0 0.0 0.0 0.0 0.0 0.0 0.0 0.0 0.0 0.0 0.0 0.0 0.0 0.0 0.0 0.0 0.0 0.0 0.0 0.0 0.0 0.0 
38.37925117616221 45.40319412875114 -46.706364855012296 25.391563469761525 -0.020037511963725572 -33.35475651952691 -7.706720273932476 -1.573364994953222 11.157634835786565 -4.374449109345378 8.640205411141102 -27.61026488796652 22.698301785606187 -22.22567850870335 -24.70153566180203 -12.688723506451062 -8.644445781053758 67.66585082569554 0.0 0.0 0.0 0.0 0.0 0.0 0.0 0.0 0.0 0.0 0.0 0.0 0.0 0.0 0.0 0.0 0.0 0.0 0.0 0.0 0.0 0.0 0.0 0.0 0.0 0.0 0.0 0.0 0.0 0.0 0.0 0.0 
-35.66167228791413 -85.04608457199878 9.48703333211302 -37.33402803544029 17.1212711335185 47.844189545124145 36.93191743302823 -39.369979009690276 -7.987626754702045 -7.148446283676999 -9.478777916518522 27.34501865994983 32.146875392825926 16.409588901071494 -2.391692634239298 -5.6934635030730485 15.535952790559984 -7.757940713585028 94.8623284536794 0.0 0.0 0.0 0.0 0.0 0.0 0.0 0.0 0.0 0.0 0.0 0.0 0.0 0.0 0.0 0.0 0.0 0.0 0.0 0.0 0.0 0.0 0.0 0.0 0.0 0.0 0.0 0.0 0.0 0.0 0.0 
32.47617417795747 27.74666502471688 -50.870465374496085 27.46696263143575 -14.503738914936477 -22.091268565871008 -2.526653195411417 19.20716866940649 10.086903765720896 3.7146128153086817 14.995421272671255 -25.499000126784708 -0.9196778755835527 -28.69491379110342 -26.257577186102914 9.020505499761935 6.682720868823492 1.4035100437359458 12.430960912993235 84.71390950807861 0.0 0.0 0.0 0.0 0.0 0.0 0.0 0.0 0.0 0.0 0.0 0.0 0.0 0.0 0.0 0.0 0.0 0.0 0.0 0.0 0.0 0.0 0.0 0.0 0.0 0.0 0.0 0.0 0.0 0.0 
10.112408608045314 11.296646758489906 -31.000695760357218 -15.71467651899709 13.713368099965079 -49.75435666502232 -2.7949409054959333 -16.231555330411013 -17.064443356895364 -8.10939814383974 -38.199604801222925 31.721545237285262 -6.013177123475495 3.9886253761453863 32.863354930093436 11.695530768209943 -33.51014556390124 5.617047237360806 -24.58588971336525 -22.92003950373269 76.98153008036984 0.0 0.0 0.0 0.0 0.0 0.0 0.0 0.0 0.0 0.0 0.0 0.0 0.0 0.0 0.0 0.0 0.0 0.0 0.0 0.0 0.0 0.0 0.0 0.0 0.0 0.0 0.0 0.0 0.0 
24.2802144988401 36.741438582242566 5.6864582145221725 -20.018565034551166 18.88720103355929 -14.48950160501063 -13.366953283168694 4.983073779208571 -12.085180718143866 27.029581798459592 -3.0772918582373414 7.204354006792947 -29.213312072163156 -4.736357694552041 9.118841234887011 3.3816777548946013 4.279806168508241 5.060730759331046 5.979527485012659 -20.454797596229454 5.4688186636824 60.674273806074105 0.0 0.0 0.0 0.0 0.0 0.0 0.0 0.0 0.0 0.0 0.0 0.0 0.0 0.0 0.0 0.0 0.0 0.0 0.0 0.0 0.0 0.0 0.0 0.0 0.0 0.0 0.0 0.0 
-20.176524055121703 -41.37957665688849 25.5391050417063 -2.726994453728575 0.46807851853473986 26.94524237407257 36.463686089953214 25.548838338845222 0.9108812414610332 -19.454326241433698 17.927452204295605 11.338787027735853 -0.2326495948892577 19.813007239788433 27.469084315155012 -20.15228326290939 17.877709764577823 -17.39366323689332 -11.731224344352208 0.4830258503546717 -21.605990543236278 -0.036762770261060895 68.62173373268601 0.0 0.0 0.0 0.0 0.0 0.0 0.0 0.0 0.0 0.0 0.0 0.0 0.0 0.0 0.0 0.0 0.0 0.0 0.0 0.0 0.0 0.0 0.0 0.0 0.0 0.0 0.0 
41.83747148935825 29.416204983764352 -44.603156293612216 10.653399612592215 -1.9746255839257887 16.820347552631098 -15.419995441156283 39.84207788135538 3.2927384013796495 21.304876405289352 34.98412716327376 -64.55018919522897 9.452263444798849 9.47064541983525 -27.621463266692157 -0.044483658945032124 20.28425236769473 7.95435510551893 2.982134991637982 -0.025896993624741724 22.9602731226506 -22.970884701439182 10.275913999325669 60.54733611789461 0.0 0.0 0.0 0.0 0.0 0.0 0.0 0.0 0.0 0.0 0.0 0.0 0.0 0.0 0.0 0.0 0.0 0.0 0.0 0.0 0.0 0.0 0.0 0.0 0.0 0.0 
-2.2982585991578515 5.205997467462031 37.0103058809593 -11.325243734835416 -19.147872838640392 21.24498252071808 7.085420646985335 18.791225277695233 -4.041645631066283 3.5337744214162066 -12.360545679909864 -0.050962680262946564 10.40142437000588 -9.275702121158496 12.363553951536783 14.579807858882827 10.788825803464524 1.1432534040952398 6.567493906125823 20.246538974164892 -25.54194254750886 17.778015160911764 10.59903325200666 -2.3840768517697324 66.10474426478203 0.0 0.0 0.0 0.0 0.0 0.0 0.0 0.0 0.0 0.0 0.0 0.0 0.0 0.0 0.0 0.0 0.0 0.0 0.0 0.0 0.0 0.0 0.0 0.0 0.0 
45.67226860538532 18.495030015616713 -25.912417638483888 1.4842778563357188 2.4705816569451025 17.85026919854847 8.087076484017514 -7.549511586866358 -1.4016846604598723 -2.918426401342983 31.785508676457717 -51.51108869851201 14.030420635284175 29.410668486283278 1.307345556560377 -5.098830988304435 24.28169359665335 -4.238963133155726 -1.3965480342283967 -33.65865767929681 16.602414775324394 -9.137928191681425 10.610754333813079 28.980726756985547 3.257095933583354 63.979791312903764 0.0 0.0 0.0 0.0 0.0 0.0 0.0 0.0 0.0 0.0 0.0 0.0 0.0 0.0 0.0 0.0 0.0 0.0 0.0 0.0 0.0 0.0 0.0 0.0 
-1.8292340897180932 11.730364461245333 3.1544807327511406 -14.606208340996297 -3.0962507656721217 -14.958141857502895 11.976148381329915 15.211784440137766 18.42195841862167 -4.822739338073533 6.137865482540257 36.88236311347072 -16.182072493450057 -15.740295760242347 -2.153483387022646 11.292780239784769 -3.0354837987205148 -19.952339288645952 -18.088573780744337 0.3876406629903021 9.514179436801726 6.806799588833782 -5.4849618413565775 -13.09902068749072 -6.534049954911682 -2.155486318964006 68.34466046462633 0.0 0.0 0.0 0.0 0.0 0.0 0.0 0.0 0.0 0.0 0.0 0.0 0.0 0.0 0.0 0.0 0.0 0.0 0.0 0.0 0.0 0.0 0.0 
52.51478097118304 34.1343461620304 5.912112493936465 -1.2655330241052358 -25.237871668681375 -29.629493149603853 -12.702070700665763 27.766603323537808 5.4166511205357795 -29.046981758034196 -43.56583904915515 -18.483191741439025 1.5885623362230576 -15.753823628001694 0.14578254535168886 27.539621561056983 -21.3332364770122 7.108598365427897 -0.6724172869262297 5.07149975097182 -17.76739300270489 -11.528441275793654 -11.442570299091138 -10.473581020938843 -0.09352149036892353 -11.545349546780473 3.5450216761776896 47.80323300647867 0.0 0.0 0.0 0.0 0.0 0.0 0.0 0.0 0.0 0.0 0.0 0.0 0.0 0.0 0.0 0.0 0.0 0.0 0.0 0.0 0.0 0.0 
45.85057539528312 25.443398863327257 35.14108314681245 -10.487269723605953 -40.902179892596344 -4.108769264869444 -48.07860316349631 10.543904095659041 16.509544519862082 40.7964447354184 -21.755657161170333 -24.1699446715806 9.069712820635846 -24.501386517473332 8.7886274627144 31.480930301276256 -1.583637243890854 -10.154466724727055 -0.3398216688581089 36.1223815926467 -0.7105814775339767 2.813765264340876 -3.5847569906550674 7.01283668771237 5.764778021979269 -0.5328960540543466 -15.97085392449133 9.736225166653867 69.65639023050797 0.0 0.0 0.0 0.0 0.0 0.0 0.0 0.0 0.0 0.0 0.0 0.0 0.0 0.0 0.0 0.0 0.0 0.0 0.0 0.0 0.0 
-22.85572794152633 -35.53260746207119 23.559666436378983 -8.037583028718995 4.0880293412312545 33.182946900431844 63.5130308599186 -28.097479604345565 -29.194714091854124 0.7283477543141357 31.22539701249589 16.316809513416537 -33.70123255450442 21.999606257998767 4.322950219433899 12.759216332008831 4.520214673509991 1.1298461653741196 20.09603285220031 6.448021431877987 -3.6672564254202933 20.35291077122944 -8.599385508303373 -9.167006995745993 18.557169782466588 14.401209078806588 -16.76824502976998 -9.04294739984436 7.517148436096278 65.20313773497658 0.0 0.0 0.0 0.0 0.0 0.0 0.0 0.0 0.0 0.0 0.0 0.0 0.0 0.0 0.0 0.0 0.0 0.0 0.0 0.0 
33.18004935218712 12.540688922185915 -42.23480137423917 12.417599121374812 -27.35612847684618 -16.65520796789128 23.478839686142155 -37.09956045624629 10.035212317632341 32.92022096792667 44.514101670850195 -9.32253159333624 3.1529910624045274 -10.863318071203693 0.3790515487951479 30.642298516248324 10.278930518475061 15.922104715738115 -0.6160985032853753 1.8863254645278726 22.786280654630733 1.6766032575853664 24.577993735803595 -0.6924678940066834 -0.16533999372163172 -18.505202694544803 -2.2575586360250064 -23.308882941638103 16.476766722974524 10.267890901338186 75.4573384210303 0.0 0.0 0.0 0.0 0.0 0.0 0.0 0.0 0.0 0.0 0.0 0.0 0.0 0.0 0.0 0.0 0.0 0.0 0.0 
0.8063236333836644 -1.6572262754405702 28.865991793076297 -10.605133490713213 -13.866340210963077 -2.6493124810661652 25.139174704540306 -20.06115370648011 -31.693189512172886 53.858126663285134 24.346318600229285 0.437129308564003 -3.108886985205646 31.582284428217093 25.882135054473622 -18.310796466477143 15.973887228886046 -9.613910467013445 7.532169702278043 -13.210811935362583 -10.760586782194983 6.905306351306045 24.82189085887616 -6.044029560813127 5.606655164226858 17.10223097101991 4.231567609029031 -11.388113306656788 -0.042006126503749484 -9.697874024478027 -0.8743480533610181 66.89032862377229 0.0 0.0 0.0 0.0 0.0 0.0 0.0 0.0 0.0 0.0 0.0 0.0 0.0 0.0 0.0 0.0 0.0 0.0 
51.85171018247685 77.22636653279231 -41.072196344775776 5.43261306969393 -36.2873498709128 -44.39882201221502 -33.6049669230844 2.9722919910945453 48.76564626536113 20.808277901494773 1.4551445251617994 -28.241844901496425 34.11610943191193 -31.289603394385846 -27.085638258178875 8.73346951416909 -11.432139443913814 0.11026843326289151 -22.28182478647459 15.782001779993989 23.811968758402486 -8.504618881445959 -0.6502593329690591 38.277701103912115 -8.840637868565471 9.082929563197549 -4.598959085197158 13.496329775666846 16.55289664151027 -13.219689541889862 19.838038569268875 -3.2805293724232545 64.39190713947178 0.0 0.0 0.0 0.0 0.0 0.0 0.0 0.0 0.0 0.0 0.0 0.0 0.0 0.0 0.0 0.0 0.0 
26.503086357381726 -0.21303347814765625 6.467786634342715 3.523595026730003 15.364096569052807 1.3287504913490797 -0.9164105807413515 20.660047408592902 7.719127654532705 6.2746289340586765 28.262263087077066 -1.6729018530412398 -15.937601293517744 3.4237187385567314 -12.894883327909204 30.223467111807047 13.526738853178946 30.790640057525582 -23.13705114112143 24.370748710991908 -13.983498099129896 10.748662717104189 2.0598587733290166 10.432317597542308 12.329258907051372 12.105407318476546 14.400578081005406 1.461768414283451 -8.097280005643448 5.154453020135225 18.11320421419208 -2.233056499429627 6.068415072934478 75.42517186910725 0.0 0.0 0.0 0.0 0.0 0.0 0.0 0.0 0.0 0.0 0.0 0.0 0.0 0.0 0.0 0.0 
29.029043491744726 27.27562799278278 -6.398680740617836 4.095004120128238 -0.4889926654578514 -15.54651692945769 -21.078919746193243 54.75558171690196 32.80283326711367 -18.015188994663813 -4.044137343684495 -18.68037749102157 26.824776708467347 -28.367248218710035 -9.80295028452011 30.053675179156087 -13.295498053248734 10.42219043593454 -32.57762715343608 -4.258537376511159 -0.45261954429390394 -19.074281632744377 -1.935174831855284 13.199817564675985 -32.78751066993406 16.026335628130223 12.895014658553198 -4.153575093923938 -5.234070824965015 1.6484446019572414 2.3491532060770366 -13.416840865842282 13.379066036508942 14.240597034854943 57.04598882637752 0.0 0.0 0.0 0.0 0.0 0.0 0.0 0.0 0.0 0.0 0.0 0.0 0.0 0.0 0.0 
40.29327512594716 6.8365791917231 -35.46543709152913 10.072950103107486 -6.525489577782949 -16.71570987509574 -5.589091783259649 -12.159573797184983 -0.6386397421431192 -1.2423254985140486 3.386346201968954 -25.473502329927097 19.271524731721513 -6.135775657149993 -0.12038418109833589 -0.9611355598732252 -4.025029080428865 25.48553179661648 32.66681591697687 5.558973648558148 12.112768071702266 -2.261259290596768 -14.408460988800599 3.2770627755818844 -9.648014748029928 23.108207279563146 -9.944793845910723 3.013220239766212 15.22897805067853 10.370193825048228 23.668368159587754 1.7368900298992171 -5.763273979866201 -14.414023904543267 13.961414237470631 52.68638139207029 0.0 0.0 0.0 0.0 0.0 0.0 0.0 0.0 0.0 0.0 0.0 0.0 0.0 0.0 
-18.00346760293056 3.211895067430305 -0.5626656320538123 -16.369556371525846 38.34124204865737 -16.995319916735546 -9.506171846625318 5.865980119891007 2.9571106962224003 -23.326269824685884 -4.733040135376816 -7.997550594002163 -9.995265515934163 3.013236576025069 31.76189297369848 16.383696603150835 -16.206045925708978 18.513756078927916 -14.062330044659241 -33.90099016366231 27.417992883424112 -12.288677728436998 -13.728068113793155 -1.6413652107634147 -11.453709185423241 19.641780548232138 28.43743206567861 0.5696105616915735 -32.51832612697441 -14.609053096898997 0.9294148892263162 -9.101834040682283 -29.075488820194014 -8.545436442767782 4.622583731248368 16.87568275646993 46.461319354056315 0.0 0.0 0.0 0.0 0.0 0.0 0.0 0.0 0.0 0.0 0.0 0.0 0.0 
-19.677538802298105 4.033602444400352 21.647312469530245 3.7115608931074315 5.03867028429341 5.382866452008162 2.909602313872763 -0.3228983782280797 -2.603530594067092 -10.807651978582829 -26.013265796737233 -2.470747713713211 -4.957946195740271 -3.251657180012174 25.380091848998617 1.0852119190607947 -20.857377463040702 -3.3139609456454058 -3.3241046980678703 10.71184330136323 -17.173520656188987 -21.80628587170546 14.716122530803993 -9.430267852824482 17.227543690633414 11.732562572779445 15.33251910558418 1.3828584442818543 -3.1015768964415757 -2.222490189136263 -14.103650976390957 4.415352114263172 9.582078506019743 -14.5390540637794 19.919163673114912 8.90890429596688 3.059662427324267 51.817771431736546 0.0 0.0 0.0 0.0 0.0 0.0 0.0 0.0 0.0 0.0 0.0 0.0 
0.3788442690001797 23.342712177099298 -40.81023979004071 10.133176053550212 29.783788425192487 -43.425322806632316 -35.676602497327984 12.58233005651759 -10.52589363548362 -18.367865436397278 -19.321011811660863 -24.041012209481455 28.65555616360399 -20.321047004655828 2.0842511822227103 -9.504916948996073 -43.571374537204925 31.662052130789892 -8.948419262665949 -28.300386133863288 19.952518182844397 -4.332089576438166 -36.67628625754706 0.293823219815901 -9.270424345788824 27.150666026882806 -5.9596105765558285 12.067520764342722 -1.1971013169258082 -11.944394862314443 13.235658623276423 -16.31529730742729 6.462521901127557 -29.58150490219175 -6.932689457747454 0.8973647490864566 -9.323554735530939 12.257409526584714 64.48364306899427 0.0 0.0 0.0 0.0 0.0 0.0 0.0 0.0 0.0 0.0 0.0 
60.871653751284626 16.337674524110813 -63.81284745616759 30.207914611414687 -1.5315246736621706 -22.276455486755903 12.851711212133504 12.633905969553421 4.6413379016009095 -1.8142735719143142 28.987184183261284 -33.432650202457516 23.06470659433322 -4.749551358519424 -21.387125361786797 -11.949280411141723 7.433794249785523 0.4164876921695557 5.892224268746031 4.333342491828223 15.257556414779195 -0.5956139154398143 -1.9297292966753148 8.51383288521801 -8.845792406736702 -0.4154013796033017 6.886966959409864 9.967693401152877 21.782193080831043 -20.036753098306242 -0.4247024068531684 -15.478784629920021 8.974849837788764 -3.8536425798859946 5.887351688234913 8.824020916949786 8.37075437079624 -11.327638702609658 12.581197039176038 39.95245960296393 0.0 0.0 0.0 0.0 0.0 0.0 0.0 0.0 0.0 0.0 
11.709083865430385 34.6693480130024 8.054720669822613 4.350544798269843 15.88039074659639 0.21794519238392424 -22.216557970595872 -10.842618156172092 -4.656038395330776 8.090775205463984 10.199621633861415 4.241339051501555 -31.70599554669735 -16.079564724373977 -5.750285841134369 -7.5952582531596295 -15.438211029679684 -8.868729781017766 -11.319291755716078 -21.360704953414583 21.553550228846866 13.517555773886675 -6.99692027141564 10.452548409349411 10.38862318407314 -7.791696213375572 5.058355184573941 8.673986280844359 -2.6032163512122697 8.478439153358185 -6.890126900186752 0.5177544059998969 -13.366826674603796 4.154774581404279 -14.938489865223078 18.23771276455517 6.602603048857929 13.126043473017411 -6.836267835223942 -3.8170577661064597 36.13368934564011 0.0 0.0 0.0 0.0 0.0 0.0 0.0 0.0 0.0 
-0.40041064893791356 -26.203637556896563 17.403433447591112 17.053279140788288 -5.647296615312178 -1.7961223136398672 1.9990657279864583 27.367636769070796 -17.826255885972 -3.3793130049928686 -24.05865799046676 0.8399802941937672 22.97142229550006 -22.053399412041575 -5.2854767844572175 7.110885842219983 -9.591660248120782 -2.245187731236078 5.4373614476534655 14.181888060011023 -12.402194397925427 0.39851868837984394 -27.425488783112396 3.410076771950119 -16.52115390146907 -9.172255173991461 -0.3768370406965189 21.261916890332923 -2.54675566580928 15.362044558040834 -8.704320049417955 -0.5481051437870293 19.798327431749698 4.735359292670478 19.123542147691403 17.00099858978761 -8.700716063461941 1.152328633722141 4.84107166223589 12.680249368638657 -1.1816536868384442 35.4610505091869 0.0 0.0 0.0 0.0 0.0 0.0 0.0 0.0 
30.16478355038177 19.30575586154091 -43.27083390839332 5.230754245348875 -41.37123814723511 -48.36824112254001 -1.9139734469436682 -30.604750933065503 74.88827646633513 24.713960498000368 43.77756364030182 24.489253104755182 19.46980556756675 -3.246606810915588 27.097299531997177 19.01190441354577 16.520574709987212 -36.14051671879516 -33.25083575833816 22.83303770436303 13.858988798017094 17.062319821822204 -0.2719203695268253 10.2286916332143 -20.67709599123935 -24.88683445796231 3.5102381591381198 -2.216792146709424 27.30912118699891 -31.08246193561773 0.123555520246015 -4.909821797855628 38.42974023753884 22.576674723476696 9.818553446560067 -26.30627987283759 -4.909491392035639 9.239916501719119 -10.360036588514472 0.06648087332970448 0.6194558761005152 -14.114876603100354 36.771833536242966 0.0 0.0 0.0 0.0 0.0 0.0 0.0 
-24.198193415134103 -2.1542258008803206 29.75948435667421 -42.969421725217444 13.743939700137041 11.82217573264982 -10.571615042787018 -21.67830577174346 -19.8293849328791 9.558504790635867 -18.93644626504925 -0.2555352793026256 13.338458779428182 28.369302033755165 2.894740567172686 -19.95690470696505 -12.553372899313791 15.23713350493086 -9.598975181119458 -60.46809250554676 8.457566836201272 10.879289231738811 1.5372801644100038 6.415812637324157 1.2124120490629038 14.17377603033552 -5.656053520139213 -12.314793062725292 16.210649757903752 -7.669441679418434 16.933289204918022 -8.833120813328355 -3.7274564151843137 -35.02786322878772 -15.358668314726627 15.347059786654542 2.5612649105421115 10.457140896091367 23.976445739034645 8.106349021073143 0.668220648277634 -19.586385489055804 -11.254657237695856 40.68849951532139 0.0 0.0 0.0 0.0 0.0 0.0 
28.621883564593848 48.669652165362834 6.20769138043778 -17.001069469576656 8.460903298731782 -5.063514012623345 -17.78765819777675 -27.84232212781499 -3.8629794193879645 23.164694525702036 21.31069852841907 23.661766672785554 -27.344463950937328 5.582300754004064 -12.19521955965369 -16.328488172961695 1.7666260144167276 -18.61639938563905 10.777221483676428 -5.741114809606977 -17.13657023394429 36.00170764574247 16.703381324818256 -7.5665333100718355 5.239771427285416 -18.87931557789654 13.662031533781198 -22.308759585085 12.954236200133963 1.6966323264559744 6.550751012352594 -17.63129726370613 25.80209632544089 26.266470130670513 -10.411771792786045 21.058838425200218 0.5222888927260094 -22.991155476397548 -8.803423566957212 -3.8922711018603717 15.325133134139342 -9.365222213987689 -10.888730599364 -11.144150755498545 56.81520839892673 0.0 0.0 0.0 0.0 0.0 
-14.829431446412217 15.280809145338178 -12.111529533154565 0.9170634870955252 -11.916685067749757 2.429315396518401 -5.631202401803408 19.974483893404066 9.160336479887205 5.0295465278512 3.7601624269887934 6.094109351859156 -5.163904383470377 24.34172832971179 -8.554635925195077 41.752826706242644 6.036475503471177 -7.831021285868038 -20.684848850019016 19.60266314125745 0.2796236873098164 -16.984280732346605 2.6446769401460064 9.755581688784995 2.9350312426850214 -2.531951350742926 6.63461422826346 -13.544420592602856 -10.545793893286731 -11.759097003910128 -1.3769506606884203 22.521355943841424 -1.6084742874881304 9.88481290321202 -2.714566617803758 -22.575841908168428 8.236211638472996 10.957318902162752 -10.898976664463667 -8.850671621908718 2.8786338473498048 -9.411360462556303 27.09781334005994 -18.84474689727744 -18.238822424335602 46.52904039849572 0.0 0.0 0.0 0.0 
23.05799810106522 65.52505535767828 -18.283477755949335 -1.7032535850228996 -29.018997197192803 -28.297353232282635 -5.032802272791556 -2.738390173563771 22.389016624745356 -8.359256213112852 -27.850058281753988 -7.654691408292081 -8.105503476956436 -11.200914811108465 -2.953550203517523 17.68408812320481 -32.832570373890164 -13.474524893199868 -40.485263506064264 4.9397740752880095 -15.877721816408004 -12.674190768415684 -4.741056206265129 10.972997283768507 18.531073986774828 10.013819279057618 -2.586634266600768 -1.2246878415014497 14.336501616869 -2.493483337460139 8.630454611699204 -16.871063508973585 12.774551622482608 -4.4202305855291995 16.900719136447744 -4.016065226682813 -36.1989992501265 4.335854565185918 15.55781101393778 -10.646231206062005 7.736757983360169 1.6378995018074471 -8.744369391194379 4.563346425563209 6.487363358048791 -4.479828584657556 32.719273004337445 0.0 0.0 0.0 
-32.587329102770234 -50.35443691893578 -5.441022333793921 -4.75991045024929 -18.807529815035487 -8.638480418708175 41.00411691225347 -51.6743685203881 1.9630046481740742 1.2155199210348628 14.969083470577795 58.86311914821844 -4.46133051127085 26.377114252578124 15.845821653396714 -7.28037494026066 5.64833832620386 -34.88556760262431 17.16104627747001 -3.5839987955684003 -2.8446447032349376 20.02065241906989 11.61364012655659 -28.244185253956903 -3.7554250899542443 -10.98458502583813 -0.7364040920378812 3.913122350504088 4.049655834064336 1.2649610548951842 1.303177735517935 18.986850663258693 4.468259016765136 -3.7447927714104754 9.76256231493015 -13.09049031023846 -6.951624324969879 -15.646681141864 3.608983671422886 12.96874821609669 31.579498876043107 -12.438385414718626 2.347743584953002 6.813770410337026 2.2092149112591706 -2.9064346783752404 12.06496390459068 43.1411518358713 0.0 0.0 
-7.405344042602919 -32.335024560692524 -2.8510343005374805 20.510093175830544 5.351365282422796 -5.497067028425605 21.505384125687062 3.304129945568716 -45.00082951870432 -7.979251215568965 -14.221944397637804 -32.86884493954277 11.423329498047115 -14.86970768607468 13.212596686280781 -2.2231808781066116 -16.03016606509603 19.31316732689693 23.587862091558186 -7.785603452950599 21.893891423217386 -14.013061590309261 -19.34408585100491 3.1275477258082267 22.775879916404076 27.469077352440152 -3.750878018617308 21.985950656079837 -22.573102471282912 20.656776891376033 3.779282074248571 5.781760480596394 -21.179608377528037 -19.90465444583561 12.404512559652948 22.901847506096967 15.5919370881145 1.0515343696027057 20.22967660634832 -3.720459964407893 -8.518680444176422 -4.261814275589711 -3.2182262083444355 2.730879867425479 3.5636028800139252 -17.142495865196675 -13.991867329095525 0.521904958530097 33.981636681962335 0.0 
-59.43626924598717 3.1295778994954366 22.055456710579147 -23.452779884375747 15.214896361042742 7.505202726697703 -47.26483810567725 -34.640297979062424 7.41642901052226 -28.897595400191857 -56.851552334176276 21.902277413104947 12.172458360060942 -15.038375733618567 3.687047880697764 -18.27990848748584 -28.719437832151616 -13.130409541397249 -3.90906252017854 4.228173142417243 -0.8837197251298404 -5.7231228786425286 -3.5242543792845464 6.410746802347742 -13.089016817817859 2.290360132959664 7.693667839335516 -0.6637986695956977 6.762975240876533 -11.666588522895253 -31.011629012632675 -0.566638184363862 18.982228628571796 -19.159102467797823 1.2428291149647663 -25.606842133497015 7.5454563523387455 11.556589256183084 11.834528106897045 -2.6962562493643327 10.146051148128375 18.487096568989156 -12.026967719313346 -5.870333505486366 15.277897557064467 -14.982193099779957 7.372664452026088 8.924741849520917 -7.814426827388805 31.39404755806091 
