0.3581054998339495 0.011386419194040053 0.06640876394767431 -0.2615860757861879 0.3673826756213299 -0.26403805209246795 -0.006851227878573011 0.19125717268335535 -0.2561528685177133 -0.3087689658718675 -0.04820157740368986 -0.5377064036264502 -0.1919991800044658 -0.08860867312316859 -0.12131521310036565 0.2791874127388479 0.20479376478166764 -0.1672089224342141 0.15267622513536716 0.6276914798933454 -0.07552350519981325 0.30689023959798917 0.10187014453304513 0.03840262018519148 -0.26379011150528664 -1.2578938493831424 -0.029144536240568168 -0.17316561341876927 -0.09505744606152869 0.37612705287637754 1.8038551182024005 -0.09558349233449204 -0.768239710275426 -0.07882119120497362 0.011470258189826792 0.024141040187482768 -0.0960738781505096 -0.301650695158503 -0.6033101160049649 0.45964416708964795 -0.22558409631296292 0.19233306667527097 -0.0031360652414722206 -0.3837995646427755 0.07963735273944583 0.05653751402842063 -0.679227386456063 0.21307507566188008 -0.30903007110180286 -0.6565092752175934 
151.72523209511905 0.0 0.0 0.0 0.0 0.0 0.0 0.0 0.0 0.0 0.0 0.0 0.0 0.0 0.0 0.0 0.0 0.0 0.0 0.0 0.0 0.0 0.0 0.0 0.0 0.0 0.0 0.0 0.0 0.0 0.0 0.0 0.0 0.0 0.0 0.0 0.0 0.0 0.0 0.0 0.0 0.0 0.0 0.0 0.0 0.0 0.0 0.0 0.0 0.0 
-10.264658651398992 165.2277986765068 0.0 0.0 0.0 0.0 0.0 0.0 0.0 0.0 0.0 0.0 0.0 0.0 0.0 0.0 0.0 0.0 0.0 0.0 0.0 0.0 0.0 0.0 0.0 0.0 0.0 0.0 0.0 0.0 0.0 0.0 0.0 0.0 0.0 0.0 0.0 0.0 0.0 0.0 0.0 0.0 0.0 0.0 0.0 0.0 0.0 0.0 0.0 0.0 
11.826702749420477 -40.77411061189049 168.36026793848953 0.0 0.0 0.0 0.0 0.0 0.0 0.0 0.0 0.0 0.0 0.0 0.0 0.0 0.0 0.0 0.0 0.0 0.0 0.0 0.0 0.0 0.0 0.0 0.0 0.0 0.0 0.0 0.0 0.0 0.0 0.0 0.0 0.0 0.0 0.0 0.0 0.0 0.0 0.0 0.0 0.0 0.0 0.0 0.0 0.0 0.0 0.0 
-10.786831799327935 -4.890139321863946 3.259855818695932 170.55528100376756 0.0 0.0 0.0 0.0 0.0 0.0 0.0 0.0 0.0 0.0 0.0 0.0 0.0 0.0 0.0 0.0 0.0 0.0 0.0 0.0 0.0 0.0 0.0 0.0 0.0 0.0 0.0 0.0 0.0 0.0 0.0 0.0 0.0 0.0 0.0 0.0 0.0 0.0 0.0 0.0 0.0 0.0 0.0 0.0 0.0 0.0 
-0.014087059540569456 26.59418503924126 -10.557397630425656 -55.476448957672 141.45366236980155 0.0 0.0 0.0 0.0 0.0 0.0 0.0 0.0 0.0 0.0 0.0 0.0 0.0 0.0 0.0 0.0 0.0 0.0 0.0 0.0 0.0 0.0 0.0 0.0 0.0 0.0 0.0 0.0 0.0 0.0 0.0 0.0 0.0 0.0 0.0 0.0 0.0 0.0 0.0 0.0 0.0 0.0 0.0 0.0 0.0 
-33.413635963891956 -11.650280982803869 -16.140933617408912 -44.512446113299546 -14.747657796201889 145.49394529956638 0.0 0.0 0.0 0.0 0.0 0.0 0.0 0.0 0.0 0.0 0.0 0.0 0.0 0.0 0.0 0.0 0.0 0.0 0.0 0.0 0.0 0.0 0.0 0.0 0.0 0.0 0.0 0.0 0.0 0.0 0.0 0.0 0.0 0.0 0.0 0.0 0.0 0.0 0.0 0.0 0.0 0.0 0.0 0.0 
-12.535556483042742 -29.753229747835082 27.297075007149168 8.420202922660838 13.38026215324831 -15.834709765203542 133.41127313536722 0.0 0.0 0.0 0.0 0.0 0.0 0.0 0.0 0.0 0.0 0.0 0.0 0.0 0.0 0.0 0.0 0.0 0.0 0.0 0.0 0.0 0.0 0.0 0.0 0.0 0.0 0.0 0.0 0.0 0.0 0.0 0.0 0.0 0.0 0.0 0.0 0.0 0.0 0.0 0.0 0.0 0.0 0.0 
18.071166763155134 1.5966178134602267 35.412315052313254 11.800748767936184 -13.037339184174009 -7.520675910859801 9.957212737592766 122.84441210766687 0.0 0.0 0.0 0.0 0.0 0.0 0.0 0.0 0.0 0.0 0.0 0.0 0.0 0.0 0.0 0.0 0.0 0.0 0.0 0.0 0.0 0.0 0.0 0.0 0.0 0.0 0.0 0.0 0.0 0.0 0.0 0.0 0.0 0.0 0.0 0.0 0.0 0.0 0.0 0.0 0.0 0.0 
37.25948047984861 -13.655814758483693 -2.8604545996168524 47.13665390228144 29.74908054158567 -46.02288450821569 -16.8400097681649 -31.718123910397996 153.27712443161047 0.0 0.0 0.0 0.0 0.0 0.0 0.0 0.0 0.0 0.0 0.0 0.0 0.0 0.0 0.0 0.0 0.0 0.0 0.0 0.0 0.0 0.0 0.0 0.0 0.0 0.0 0.0 0.0 0.0 0.0 0.0 0.0 0.0 0.0 0.0 0.0 0.0 0.0 0.0 0.0 0.0 
-23.01489848131358 21.20057345381168 21.16356706619707 -9.420779919692864 15.746624626160171 -16.36158891362898 44.46608137522377 -44.485153921727026 -17.95212701232451 143.354118692848 0.0 0.0 0.0 0.0 0.0 0.0 0.0 0.0 0.0 0.0 0.0 0.0 0.0 0.0 0.0 0.0 0.0 0.0 0.0 0.0 0.0 0.0 0.0 0.0 0.0 0.0 0.0 0.0 0.0 0.0 0.0 0.0 0.0 0.0 0.0 0.0 0.0 0.0 0.0 0.0 
-8.264430654498495 -19.834915749091795 -38.395885742563706 12.708017131785322 -3.060407860883166 1.7580128480296011 11.914563756004517 6.8469217211747315 -1.2053033344325088 15.793344279523843 115.00943593281896 0.0 0.0 0.0 0.0 0.0 0.0 0.0 0.0 0.0 0.0 0.0 0.0 0.0 0.0 0.0 0.0 0.0 0.0 0.0 0.0 0.0 0.0 0.0 0.0 0.0 0.0 0.0 0.0 0.0 0.0 0.0 0.0 0.0 0.0 0.0 0.0 0.0 0.0 0.0 
6.569545612284737 61.311142154764795 -51.69008207636369 36.79945206441 18.70148500387963 -8.736205013939296 8.970351197899456 -34.53513703459118 -3.7021775233579004 -4.023963161320463 9.72756350784525 159.6282713911209 0.0 0.0 0.0 0.0 0.0 0.0 0.0 0.0 0.0 0.0 0.0 0.0 0.0 0.0 0.0 0.0 0.0 0.0 0.0 0.0 0.0 0.0 0.0 0.0 0.0 0.0 0.0 0.0 0.0 0.0 0.0 0.0 0.0 0.0 0.0 0.0 0.0 0.0 
-0.2135456676861598 5.527379339737514 -65.85962409050676 15.09441470747869 -15.114217999001838 20.8884854766255 -40.64273413827672 9.312859938261957 1.2304811180380884 1.4002217680844693 9.061120092607364 -7.424816482291766 134.77844027177497 0.0 0.0 0.0 0.0 0.0 0.0 0.0 0.0 0.0 0.0 0.0 0.0 0.0 0.0 0.0 0.0 0.0 0.0 0.0 0.0 0.0 0.0 0.0 0.0 0.0 0.0 0.0 0.0 0.0 0.0 0.0 0.0 0.0 0.0 0.0 0.0 0.0 
-28.93756041517936 17.806623246388813 56.462594785629776 6.097567781481821 -5.924342020060868 21.325993913715738 11.68259886732842 -3.375467571780443 -11.225678636753946 5.556881936778531 20.08382717867613 14.921325917201985 1.5659169004724252 143.02886578794258 0.0 0.0 0.0 0.0 0.0 0.0 0.0 0.0 0.0 0.0 0.0 0.0 0.0 0.0 0.0 0.0 0.0 0.0 0.0 0.0 0.0 0.0 0.0 0.0 0.0 0.0 0.0 0.0 0.0 0.0 0.0 0.0 0.0 0.0 0.0 0.0 
8.950002875986362 21.03769109989256 -16.431314648115265 -1.7876329640475144 0.9058887964115443 -13.137539583426651 27.402905583484603 11.870290249135245 -2.8845477767517598 15.974036483304413 13.200722397575966 12.181096722179573 -4.690882823628329 -34.5531703936879 129.7495192223708 0.0 0.0 0.0 0.0 0.0 0.0 0.0 0.0 0.0 0.0 0.0 0.0 0.0 0.0 0.0 0.0 0.0 0.0 0.0 0.0 0.0 0.0 0.0 0.0 0.0 0.0 0.0 0.0 0.0 0.0 0.0 0.0 0.0 0.0 0.0 
6.765271045944784 25.46965891021712 34.33846223805406 11.945734129208466 1.771702313229973 8.351279888705324 25.303144694999393 11.107371955259133 27.773215286855148 -13.483216904531307 -11.466967434420704 -21.04346247502334 -8.430922930903787 -24.083119433191502 -4.931958516049927 119.72491080516235 0.0 0.0 0.0 0.0 0.0 0.0 0.0 0.0 0.0 0.0 0.0 0.0 0.0 0.0 0.0 0.0 0.0 0.0 0.0 0.0 0.0 0.0 0.0 0.0 0.0 0.0 0.0 0.0 0.0 0.0 0.0 0.0 0.0 0.0 
-3.0864261379270728 -16.01261051169662 18.45733398112729 -3.450452023672916 -7.055997973878259 30.601995742130065 -24.886252069638232 12.641965406001038 35.04557364510648 -2.3360826834861617 -5.4918366988884735 -38.76029774562138 -13.045835924286033 -13.58326843355477 2.4575299967911226 44.44530212908459 109.06025449589475 0.0 0.0 0.0 0.0 0.0 0.0 0.0 0.0 0.0 0.0 0.0 0.0 0.0 0.0 0.0 0.0 0.0 0.0 0.0 0.0 0.0 0.0 0.0 0.0 0.0 0.0 0.0 0.0 0.0 0.0 0.0 0.0 0.0 
-1.8091173178570492 -15.746839453089427 6.719248109307101 48.24388269506727 -23.86250662611641 -16.70113640298704 -1.9098962890320519 -23.871887473050457 7.97589904451559 -15.646306469517791 27.996872446466835 2.358759041908742 28.44521030440193 -15.340986317094575 -19.78070399765392 -27.732777240552835 -6.53818961855004 103.43167199127163 0.0 0.0 0.0 0.0 0.0 0.0 0.0 0.0 0.0 0.0 0.0 0.0 0.0 0.0 0.0 0.0 0.0 0.0 0.0 0.0 0.0 0.0 0.0 0.0 0.0 0.0 0.0 0.0 0.0 0.0 0.0 0.0 
-37.61667725172412 -0.7332312525324254 24.306176732666284 -17.42269139038017 14.36639949803954 0.43257247776995406 64.40703599188238 9.84732603738298 -13.213717315243468 10.022515565169254 -11.436810233935047 -23.418054892608446 -21.008618825066584 0.5524470869716678 33.957835795864725 2.523314320660872 -8.626080386892154 -41.58299644369396 133.4160802343964 0.0 0.0 0.0 0.0 0.0 0.0 0.0 0.0 0.0 0.0 0.0 0.0 0.0 0.0 0.0 0.0 0.0 0.0 0.0 0.0 0.0 0.0 0.0 0.0 0.0 0.0 0.0 0.0 0.0 0.0 0.0 
18.615959812631868 16.31658531212051 12.707177438816835 -5.395383176252347 29.38684178126387 -25.843213888902348 22.86516912302013 -5.490526226045543 6.362735810888129 28.719187208862788 10.88312185345289 -33.58454989211988 -6.441761312903334 -8.760307926518625 -21.78053387476347 37.40455710466997 -4.296268698404714 -19.485673637290258 -8.002493929927471 129.83967124843713 0.0 0.0 0.0 0.0 0.0 0.0 0.0 0.0 0.0 0.0 0.0 0.0 0.0 0.0 0.0 0.0 0.0 0.0 0.0 0.0 0.0 0.0 0.0 0.0 0.0 0.0 0.0 0.0 0.0 0.0 
-15.452910910554431 34.27000788505818 18.199253789160196 3.067884646778903 -7.916885003554038 5.824259654643663 17.77944742877702 17.62422148176031 34.21117654030297 -16.31190394275592 -28.36446118341968 -2.0326121932579237 6.947164324346773 19.818271558672592 7.794834277305904 60.84868936798309 5.02843324816477 36.62954857998765 -22.384434086240834 -1.9236572543356343 97.17434406080929 0.0 0.0 0.0 0.0 0.0 0.0 0.0 0.0 0.0 0.0 0.0 0.0 0.0 0.0 0.0 0.0 0.0 0.0 0.0 0.0 0.0 0.0 0.0 0.0 0.0 0.0 0.0 0.0 0.0 
7.882758983331463 -16.978158243426524 32.492902521363604 -13.450705359582958 23.50365260902734 -32.90537865251561 -13.533149602305079 20.441039685387512 23.83664177567387 24.11371001135029 -16.687625626414707 -27.159242719062902 -28.939221019731676 1.2558112877786176 9.647682800818977 19.053732732928797 -2.3085102249999974 1.9377256266250251 27.537896076229266 -3.2058038421510564 -4.917190081081304 117.00291499394751 0.0 0.0 0.0 0.0 0.0 0.0 0.0 0.0 0.0 0.0 0.0 0.0 0.0 0.0 0.0 0.0 0.0 0.0 0.0 0.0 0.0 0.0 0.0 0.0 0.0 0.0 0.0 0.0 
-0.050595098755169404 -36.15075017169736 67.82778417883361 32.66593411173214 35.43016501384205 -27.066541003752672 32.974240587586515 -1.943858951110322 37.55296701456179 20.757948512615155 -18.05970796827515 30.143044377925218 -1.4852197684576902 8.509708496484302 -5.47622310177327 -4.573388847424139 6.969299368143787 -25.569010461303222 13.463287226378299 22.62567319835369 -3.5300777448817198 19.035962946699005 103.1992181721309 0.0 0.0 0.0 0.0 0.0 0.0 0.0 0.0 0.0 0.0 0.0 0.0 0.0 0.0 0.0 0.0 0.0 0.0 0.0 0.0 0.0 0.0 0.0 0.0 0.0 0.0 0.0 
-8.495285432440603 -26.294828163252948 -42.79689339304168 -26.302287792949016 22.735053458440078 13.4151644397702 -22.57732446505503 17.13703272638317 7.391937704126202 17.59080350651302 7.3886844674817045 -59.998992724547925 -3.9517461179629216 -14.05892432475325 -9.904496709062846 -4.959622478265586 2.864574926614485 2.368550771598192 12.9135961804433 20.123439494993235 -14.483038706738848 -3.8799587511413756 24.279948860525273 98.57344200637172 0.0 0.0 0.0 0.0 0.0 0.0 0.0 0.0 0.0 0.0 0.0 0.0 0.0 0.0 0.0 0.0 0.0 0.0 0.0 0.0 0.0 0.0 0.0 0.0 0.0 0.0 
-18.90488836745526 33.29233452865982 -17.546642041663198 14.260170920612165 -17.995855119330404 17.132694962638723 -0.6738493555525286 -18.099206204068466 2.924876127622796 0.022691187516010472 1.091565472264076 36.18904926338094 60.87761695615212 -15.704664584888885 16.649689983055104 20.278994996710406 3.9623649663817324 0.3748191977540225 0.195157826289096 4.607965207564183 -4.241056331294505 30.899252601219917 -15.916580618967986 -17.58505483253839 111.56236550928857 0.0 0.0 0.0 0.0 0.0 0.0 0.0 0.0 0.0 0.0 0.0 0.0 0.0 0.0 0.0 0.0 0.0 0.0 0.0 0.0 0.0 0.0 0.0 0.0 0.0 
11.663427728359967 -12.313344759351537 -60.876200881598265 12.977208973239778 -12.948666835011187 -3.910348303948899 -27.389353752441796 1.7241325258006979 -29.590295530651346 -5.85852964373327 9.705103725556505 -22.97316329196261 1.0569350405759486 -9.550747667738742 4.091644969843981 2.563329606749984 20.747143066418495 -4.5105687317497845 32.825649801852805 -30.09637435838729 -6.207622506120362 20.75832997214169 15.049441900490399 6.599152727207039 6.779688873370753 114.25326988834148 0.0 0.0 0.0 0.0 0.0 0.0 0.0 0.0 0.0 0.0 0.0 0.0 0.0 0.0 0.0 0.0 0.0 0.0 0.0 0.0 0.0 0.0 0.0 0.0 
9.244211013885263 9.213239036819193 7.603788359739877 35.271651856687306 -32.427853972255654 -1.8128541088282282 1.4979647795840907 6.035766450400304 21.16046125866339 -1.5008331245989452 0.26212766888294653 4.001457589775214 -8.782869943992235 4.295920385815895 22.36761113107997 14.257123987298408 0.1488439489088085 -2.3782091305108337 31.153509579406286 -17.898289774923242 -5.146081828557089 21.323444787426126 0.16993455056623272 2.934555279188127 -11.617086187724054 -5.537840111080568 119.96718238810071 0.0 0.0 0.0 0.0 0.0 0.0 0.0 0.0 0.0 0.0 0.0 0.0 0.0 0.0 0.0 0.0 0.0 0.0 0.0 0.0 0.0 0.0 0.0 
30.81114564252332 34.20747729185852 27.192328663682268 21.658341318272324 -44.34826814404344 -8.069003455715938 3.2809159582324754 19.71611165135223 14.374172192222169 -17.25346775636935 -14.915265479523155 -32.95541389111763 -12.606572705984636 13.193421888543263 -1.476985234190927 21.60124440428149 -8.700320554332556 13.169694638499973 5.009729415757564 -25.27022005581099 -13.94378573746103 -8.650735186417478 11.473526317011988 -6.4966183540166185 -10.578937895163369 -1.2401321830879055 19.436416644480055 82.05393057976069 0.0 0.0 0.0 0.0 0.0 0.0 0.0 0.0 0.0 0.0 0.0 0.0 0.0 0.0 0.0 0.0 0.0 0.0 0.0 0.0 0.0 0.0 
37.27990109598792 -33.43027606616704 54.89268307525854 -28.79201861525081 -13.376750154145395 3.8276630292903504 -23.688833609987682 23.990362106620005 27.84110143413221 10.327715644560056 14.346181857427865 -16.81395545529017 -7.763217371352102 -19.35015064612669 -0.8754336135546132 21.736015463486748 19.219472925802975 -8.989662512378638 -42.695489597582664 12.184597533123236 9.035723329857301 -16.725671391826662 -19.928418632566935 -44.16997775108386 -24.424597902842123 -16.262684337316493 -34.42414421580821 27.658682131077935 111.36208391124183 0.0 0.0 0.0 0.0 0.0 0.0 0.0 0.0 0.0 0.0 0.0 0.0 0.0 0.0 0.0 0.0 0.0 0.0 0.0 0.0 0.0 
-19.36092760935408 -30.200591237737335 28.46806813582069 -12.921515654623281 -1.3080687778286497 -8.039220870871747 24.924069190588543 5.880230276448904 1.6369343939563394 -2.6650605232647058 4.479143059858291 20.836069381568624 -27.481796356493792 29.34499212307167 5.46029653447998 7.921039970554935 -0.24722613509294256 -14.519585644940532 26.24740709132516 7.372599136498343 -9.742334225261377 19.011707654966163 5.255882091855262 -7.070035770861972 -3.518298134728279 -8.501785033719337 -11.955362141030083 -26.343860707678765 -4.731649189813008 112.0198973684279 0.0 0.0 0.0 0.0 0.0 0.0 0.0 0.0 0.0 0.0 0.0 0.0 0.0 0.0 0.0 0.0 0.0 0.0 0.0 0.0 
8.424999775528821 -23.710187530922386 -3.845304901836279 -16.040144830039452 4.490810749317869 22.885460795693135 -36.67998108171023 -3.3223356789245337 36.374015231585176 -15.028853276131315 10.537905432010975 -57.49417756680821 1.6840877474735234 10.082939553379026 -31.66767772592192 9.896847381586449 38.05998381231953 -13.447615793621699 0.919223735614387 -7.901786431986312 17.832381257117564 -12.577343314895911 -27.744558572674052 -26.338743965696573 16.275524491790378 -81.71439211015776 -12.923587594747648 -32.91918879171831 41.92851632147321 1.3481769300859934 123.39980716115893 0.0 0.0 0.0 0.0 0.0 0.0 0.0 0.0 0.0 0.0 0.0 0.0 0.0 0.0 0.0 0.0 0.0 0.0 0.0 
3.864624372393494 -5.871693290787678 3.840729597639781 -6.133088324041879 -0.3081200578445031 5.043086315450633 17.19351853509334 -3.2008499080184465 -6.962698615095048 -8.27356886018524 8.99270143039563 -23.868266697166483 11.44997491447626 4.9153511115204935 11.084285978277565 3.1399486093768947 -18.084659496929927 -19.328945548764317 0.14118143910189737 -21.597307210992444 -18.71577605948731 17.278257366569502 37.21955019534426 15.498344748184762 11.409681921299173 8.119671476385745 11.827333643963401 -25.86740614171161 0.476879414205378 0.13788262646618696 -7.087638387792242 110.29398489599664 0.0 0.0 0.0 0.0 0.0 0.0 0.0 0.0 0.0 0.0 0.0 0.0 0.0 0.0 0.0 0.0 0.0 0.0 
2.549644238269611 30.56838553467826 -36.83543937430664 4.387050411371755 15.096093919121014 -4.078628150697767 -33.0262739848871 3.3391311438079763 4.705641223977728 -16.23294710155311 -10.867654001532898 12.025351398958035 28.29521082500523 -16.124551907548927 -29.85154303916371 9.083094519738387 -8.660714148813547 15.307913984879095 -38.00625210955814 24.83421040843654 7.7765154072550144 -29.922642792284737 -12.870636830930195 44.948000845890306 11.361316691902415 26.78134769370076 -13.57832706572657 25.899558870472262 -7.21341310469 -11.042496071875675 20.144223179077624 7.952801947782941 97.05014119378431 0.0 0.0 0.0 0.0 0.0 0.0 0.0 0.0 0.0 0.0 0.0 0.0 0.0 0.0 0.0 0.0 0.0 
5.591894136001116 -17.858243739856583 1.682130259608678 32.06312960264463 7.235719588719071 -12.99558011310253 4.3517781028375975 21.858557751307696 -1.5008396178874552 12.112889284618612 12.240094641829984 0.49410974046836925 -2.712096860300528 0.3241952885904258 -15.372565534714065 35.79136548904473 3.422632648276301 -10.13115868970757 10.292882924913915 39.20864797309637 -6.048432683838899 14.88940738999432 11.897411727901316 -5.1635089044411435 19.769255356967303 26.925845227999552 -7.059965212807126 -3.9183007256138764 -5.58567886944179 17.06441591220105 13.604554514341269 12.566148364191921 -11.663626970675931 102.79590027586964 0.0 0.0 0.0 0.0 0.0 0.0 0.0 0.0 0.0 0.0 0.0 0.0 0.0 0.0 0.0 0.0 
24.310688689195707 -13.022247745043076 27.033640807311432 38.77676580584231 32.84627763905451 -29.141815080724076 -24.147717411558848 31.32048700461895 29.353012502772618 -2.2291718393004714 -21.874302340631203 14.607630091553915 -12.705924710936461 -19.75440158860943 -22.8043578335854 27.268506970946213 -12.395522949552161 27.791383070051115 -2.34078556753083 -5.012806165595986 6.8848734415024895 25.340828759133142 21.123228355174334 16.519908188463265 -14.726417062523181 16.86472650925591 -3.9699866625594975 -4.443624465184605 -8.876753698293133 2.5360339921870354 -5.516860228952424 -21.947617218096294 9.645471400751862 19.5268654799498 85.65879037244036 0.0 0.0 0.0 0.0 0.0 0.0 0.0 0.0 0.0 0.0 0.0 0.0 0.0 0.0 0.0 
22.381410675789507 -34.54436767917523 27.851438168058884 -1.884968016530017 8.13063334181156 -35.65289405360038 -12.471761014459336 11.011617127564895 -2.420113216906638 -27.645942623372616 12.359734476111466 -6.891829962117048 3.247543843493507 -12.34349172800433 8.907606554987977 0.7005021231163066 7.648980324233846 30.178754386525277 -12.079790014421137 27.430354296556327 4.228149922537318 14.916112418016562 -21.7681829936256 -6.179708360802737 -20.80172832475638 13.963690478757748 -31.462545237634277 4.776832691447461 18.662372096345365 4.67640540946208 29.50682183619114 -1.0974155270703734 15.705585525559089 2.275263416924125 24.707959976014564 72.99571942734669 0.0 0.0 0.0 0.0 0.0 0.0 0.0 0.0 0.0 0.0 0.0 0.0 0.0 0.0 
-13.029649972467691 67.08288366278305 22.2306140201718 -33.70197522734726 4.8791943869957155 -11.136011288687602 14.487217931020894 7.280798664363468 2.9821136643077844 -16.413869426142067 -18.856732398670314 7.729677343702961 -16.58130463167159 1.964884502338467 12.08827083012445 33.81659655472012 -16.294526177618007 17.71875459321287 -27.05058973086511 -26.468702173379544 8.75508957567398 6.826692976896937 -21.241283295734696 -4.113677305390352 0.6340141029627923 43.62743953341244 26.566056569200097 9.454776262806176 -26.141266736932298 -30.871118691200437 25.09749409463713 -15.814231148985352 -17.152988393651178 3.784326329403829 5.19142232098264 8.046521027433123 76.79416833924411 0.0 0.0 0.0 0.0 0.0 0.0 0.0 0.0 0.0 0.0 0.0 0.0 0.0 
-29.067968088339057 49.969926211968435 12.957254564240438 28.78740194796936 -12.888791366407286 -17.290320488259557 26.665545679163653 -13.718869452932664 -16.86160258654803 -6.429584101227049 11.384684634565414 33.68795539448948 -7.635787842006623 3.457881840166577 13.447810941688392 -5.844702617273374 -21.501781847487585 -0.5153081710624731 -2.266423480221107 -15.383352983525016 9.59656219667212 -58.963916798521566 21.01715143173417 -8.724348290129486 28.82712579382244 -8.397266939206714 -2.2202297543325007 13.256433523081075 -20.906178827834506 27.306802326125695 -26.99165893488959 -0.503960003898794 34.08347941023509 -3.236851814661225 22.22022247893179 6.3721833036842765 12.221602694201426 80.66320292365835 0.0 0.0 0.0 0.0 0.0 0.0 0.0 0.0 0.0 0.0 0.0 0.0 
-12.510701708860008 31.003898485348607 -42.34149798695542 3.688594543421705 -7.934945531796687 6.450273974921121 -36.496164105107354 14.45907040977196 -10.331196402168676 1.6898704385193928 -0.5752845943514941 -3.463308272197203 3.7554118124367677 -9.949630687902543 4.585076069648201 -31.24755207187482 -5.319738069575104 31.124487303634677 24.88026309772901 -12.978749406203658 1.0073509071359112 1.6570498205863116 -11.874422998698117 14.018370139501235 -14.036373756171642 52.07352068201354 0.2566079656508811 29.548086308535545 -35.08729949251566 -6.985207347884593 -3.974499291196166 -17.231312011469697 2.957843316256862 -18.977422889665092 -14.071538397670116 -3.9531976418305494 4.7849498924953915 18.542296171243866 85.15787373940614 0.0 0.0 0.0 0.0 0.0 0.0 0.0 0.0 0.0 0.0 0.0 
-1.505232094858541 14.161287583602137 0.18179607897631653 -29.544480646618428 39.503490947032276 -28.424760666813757 1.205907391830262 -2.073129074458576 6.70546351592207 8.217408807852934 22.248395089761225 -54.98262845695545 -8.139306164870822 3.1721462465060277 -28.213235571043974 16.529339501004 -8.828482992475987 -11.110443799620954 -5.310743644376586 30.171098401526 30.54999462426882 10.103126381090993 12.575902093785274 -1.1904083839309996 14.198476741601809 15.059289464425111 -3.6642336052081537 11.119200810438798 25.575209836126955 -20.063816675047605 -6.923278036931572 -19.44469020112417 15.031491802979573 23.35955104770827 11.57306449807464 17.761415922440893 18.47600711481099 -17.82127663004792 32.01657997037519 79.2687988919997 0.0 0.0 0.0 0.0 0.0 0.0 0.0 0.0 0.0 0.0 
6.3367494908810045 22.45655099690558 15.663157195944521 -28.761801205815893 9.003921609594908 -4.136154188520966 -3.2335292126323467 11.83796713427314 -2.5077292697329363 0.7325175401722699 29.00033633370412 22.11991248325924 -25.756813711984044 -16.621599501799405 -19.285215152851404 -5.056119219304361 1.6194816881804306 -6.323285298643249 -26.173324119064475 -13.55272759241213 10.589996984357004 2.890119128599549 4.287764369294337 22.966157344687588 -13.8620259653052 -13.374366558861293 -6.036665675171852 30.519363676278296 -0.24011334932242875 6.696242914274816 -14.11302816493583 -12.849328232263028 -2.928347969907985 19.822777517978302 -22.82644478738377 23.600077359295277 13.907950424600676 22.93285469340413 -15.634618755442979 -0.9535035862904309 56.39589636070694 0.0 0.0 0.0 0.0 0.0 0.0 0.0 0.0 0.0 
0.88488787146601 -32.205683734922786 21.851975579850947 35.438209557437645 19.94891754404961 -22.640570726035552 5.478005794726345 22.46620743602103 -14.744608683808437 2.362393076577339 -19.948416611335514 10.582083572757249 2.288609729535723 -6.347994793596376 25.013463247737747 -3.827678097396857 -22.599108541943973 -23.69285060450213 6.462376266941575 3.9984453565505764 -29.04173385151811 33.729670051535344 2.677768626711689 40.28076870987549 -7.663583268260675 -23.066826389901248 -8.95381981918874 26.46517493588256 -31.66087105392991 38.13307023180392 -15.518339563378541 5.176429795551455 15.312318119862834 10.615849011548608 27.470403308423442 31.514506868957362 -6.977641269209977 7.153931743592185 19.375335339341493 37.78910735420002 -0.1568107924164165 62.8403639144746 0.0 0.0 0.0 0.0 0.0 0.0 0.0 0.0 
46.28349394222921 -30.95133508434753 -11.42811583021425 12.068603300534486 -58.726193988140736 -8.615628243697712 -1.1503702850990536 22.43627224247102 34.944537835327786 -25.438742954811705 69.32998384314972 -13.263663002223568 37.235885078020274 15.803953194236929 49.563920278571935 -3.987941089499422 31.943545001552362 -17.250492061879747 -25.809914608608963 -0.10582918118352953 30.10840696678835 4.6362217245873785 -14.897975329167513 -6.463234632237253 -19.63729370661135 -41.139990881733624 -3.6299937749070534 15.861779709546695 46.05928071672465 -26.471729549095173 -10.528967197105148 -6.075718382862658 47.26081591279413 4.180907088536803 22.77516539228612 -29.39616524410755 -19.495764878781696 16.001392581287316 -10.000215592995083 -2.603879089273038 4.6799679802771195 -28.601490161867513 47.79458714292836 0.0 0.0 0.0 0.0 0.0 0.0 0.0 
-37.8724286786595 24.209142638357868 -43.1768236936952 -34.12611724169633 42.43588134569171 9.910934859093864 -20.648415703458785 -58.5846762466716 -14.611463158406725 23.81831095744948 -47.983402664551704 36.25570821196035 34.56531543022404 -2.987784078237492 -20.8353774684587 3.3447515946992565 -15.881607891818778 11.50706670990059 -19.00132818113545 -3.7733510789279454 -11.191442306461019 -16.025652531877512 -5.076511035689222 26.69767252312818 -17.949048039853746 13.15814238653635 -8.366338592191855 -35.14342575233658 4.160790746780451 -19.550911030055257 4.251858867130633 -15.625208596653652 20.34112129586485 4.695901201046833 -28.459894219156464 2.43224305381884 17.476980393480673 4.462145886849208 8.250417843801236 3.1385329434520006 -10.552409308495655 -50.33667659427546 -23.473786391064255 60.316891918372356 0.0 0.0 0.0 0.0 0.0 0.0 
8.836701377111984 8.448232040788902 74.47480089304402 -29.13507921158132 34.07434483668569 -27.277070993017603 -8.061730906399841 -33.63803410486568 8.89125805799933 34.11852318225151 -15.452988888275426 -6.118138635984329 -10.841009158040656 25.166165412010276 -14.43361948497132 -3.287922139877597 10.094971625722716 11.90474563546259 -16.100332476248358 24.81335712124481 14.10188701967852 27.547485494577494 9.945291616750838 -14.448903802497426 8.20271534516909 -17.686043739332934 19.796230027505203 -26.14295343237305 9.928562010345994 -23.893905852913626 -8.267072851968608 -14.559831659882594 41.20188488894393 42.28629139308686 -10.210853669737935 37.72580984959959 17.258936150188728 -35.24237656629478 1.571350921941632 -19.79756358707623 14.944703827858548 -13.147692134237179 -7.229895227509275 -26.669779536484572 75.66087534203724 0.0 0.0 0.0 0.0 0.0 
-3.8565603175550693 19.01750505000041 -63.95687228001378 -14.261677497231977 -6.538036908344653 6.608421538864227 19.178151361951418 -25.900296439155365 22.502359406382922 0.2620957041329686 -11.380579923470314 15.166802483767817 1.2018432433742143 -2.299033479006781 1.8671949494482682 16.314041014131888 -31.262854073451553 14.398327045966614 -19.963892887950315 -39.96320674855527 -18.829555888562673 -29.786834885921678 4.675832701534234 13.178728188193972 22.573129301690926 -7.159949073004862 7.5188477107401495 -11.13506988875925 -0.6777624737084257 22.679830041214416 9.448172553362921 20.391661320902838 8.883286998015468 -28.75152566461322 5.241668941057915 -7.605263449496961 -8.89519867483601 21.741945788916205 7.467771092215082 14.82351540788468 27.2835971479729 0.052686136806446474 45.21675165995319 -32.81147697678481 -26.779205821011544 71.57359398472647 0.0 0.0 0.0 0.0 
22.739104293986465 -13.287903074176757 -34.96762832394425 11.180430721605706 -39.72460053387686 -2.071607693876327 3.9456793587942047 -12.469061305026447 21.13621491184292 -21.768021895093398 14.99330008797396 -1.2759086192232296 -2.8376792699647186 -1.7665618521099404 4.447211702833756 -3.3140630141142964 -1.8840720611646893 14.325931512570627 -16.86306162095454 -6.584329978311106 -4.190237062902668 -1.6702965832276488 -20.780693854067252 -1.5893372084451485 32.14037316659583 15.209153273459082 -2.3158581829082934 11.701812698639968 7.889733228416575 -30.988508744411835 -10.044292273478334 -29.41260920987049 -9.64741406624371 -3.9491548975819217 23.88447346252182 2.5420890129028635 -42.169405686405874 -1.7961060072969428 2.9233754899644384 -19.245148150200418 15.062308846345434 11.802270875435383 -16.778224131454188 3.3663591525664813 9.433467881844768 -10.59331454671066 40.92116325170996 0.0 0.0 0.0 
2.2995387250453505 -25.04414787075544 80.1848927317981 -14.001282156261297 -10.68240416984577 16.089313234033693 37.667738248897365 27.81775545589277 54.58160005345601 -14.592995303212435 30.41237100958869 -45.29388861558621 -33.53055358484241 51.421643387976076 22.24797108543398 34.31142431134208 18.137235433294947 -5.310252752332411 37.9101754697771 8.458777213614937 20.053520331405124 24.972840399678308 30.098110267873498 -35.94376005768437 4.802499894616671 -27.52389886297086 34.54666653270212 27.291211374893912 9.976362445940358 -20.58209917183919 -8.508397822863689 15.99619682305456 8.320205380406943 6.795055882844188 27.72423978001323 -14.18513030019951 -9.660132610926361 -25.625060635201827 -20.47773161437198 24.020305902028436 73.29356280804056 -28.74904872104124 5.75908747927867 5.8304146750600525 11.310921165297858 9.248248144479357 22.67221424823457 71.91520147640415 0.0 0.0 
-31.9837861121273 10.779278917064918 -3.4848148447410816 45.99943938689658 14.25844002713738 1.6437927853513046 -14.92452956634048 -23.72403306400639 -27.38540717879109 12.867153142053034 -24.304189375649624 6.211086356546914 13.858546105748905 8.738785446078603 -13.952066735345063 -5.129495619822072 -2.2136469122338225 -4.7059836044354055 12.967173087920283 12.433436516430904 13.529648484129568 22.414723041234616 11.229623763570547 40.51014297560203 16.65271453062007 20.46062955702365 12.156059147413691 33.86428157420024 -32.055426829814095 37.33805235955534 -1.2501100742862505 14.504088705120989 -19.832115274199303 -7.934877676954814 24.12626274615381 8.984034486126879 31.49883061168718 5.936294419153894 28.664069772026842 -23.64060612507992 -29.324248432436992 -22.587728980994598 2.2150824795599418 8.888356335101305 8.871762438011334 -23.181419514796023 -24.65799505504973 -2.017044555509358 44.63571660805928 0.0 
-7.1406015858841725 35.06566388853079 27.884881753890546 8.451692333892018 -1.2100204690044283 13.448786350843273 -25.852960755980824 2.2625621589293186 9.750430685075866 -43.24532073688571 -32.533564669377846 44.71449262670167 -18.25820205712042 28.33082449196014 -2.9819269065835226 -19.477488552875073 -7.278126663099003 -0.5599890589574537 -1.653265156181737 -17.555427106258836 -13.023429165789723 -15.959444580992757 -9.037173387367353 -4.704592255037714 -11.267634318722248 9.068232105461918 17.73078119474356 20.26860552230954 -0.36916033752042765 -15.656056897026335 -23.21172584721816 1.8051427656702288 10.824165348677957 -30.187322974487962 -6.754040104694578 -39.70524600414632 42.488433219718715 22.61029527026986 13.92306057137781 -6.616656360556861 28.92643725128406 39.80052798366413 -16.439690030661385 -19.065313739032078 20.130612441663033 -26.2313786418071 15.540013604811286 15.273429825493661 -11.960363134179085 44.070797044684156 
