0.3364022289978867 -0.11083567423141899 0.01719719273820744 -0.1897782066875686 0.18123067465203344 0.21387604684698971 0.028937534544473707 0.18593593166363834 0.1448245185055409 0.0603558725963281 -0.07593645184003363 -0.1657227546898486 -0.17371909917975537 -0.038860722993284 0.2906811393968042 -0.0024316290068788914 -0.040451174923985325 -0.1941798045536211 0.030281135115162783 -0.2190610790328697 0.11183140891123095 0.1987623224019433 0.0117484102056403 -0.14364206215482242 -0.0074853392950891395 -1.192188619444765 -0.09647082204372036 -0.09600137172170624 0.24937142936038126 0.17291674721284256 2.1148790035230545 0.14217075465446272 -0.2367302737293881 -0.5619020811104392 -0.08589209707774063 0.06818082211106122 0.024074426353677215 -0.1358230938520662 -0.19709210329754498 -0.14550396861556159 -0.2922727474913506 -0.04195469826540681 0.18222163497421914 0.22406586322163546 0.1515963043397429 -0.11576985951270309 -0.2085913141601867 0.3014539132272982 0.022749561024657538 -0.11541291258650167 
243.22325050509096 0.0 0.0 0.0 0.0 0.0 0.0 0.0 0.0 0.0 0.0 0.0 0.0 0.0 0.0 0.0 0.0 0.0 0.0 0.0 0.0 0.0 0.0 0.0 0.0 0.0 0.0 0.0 0.0 0.0 0.0 0.0 0.0 0.0 0.0 0.0 0.0 0.0 0.0 0.0 0.0 0.0 0.0 0.0 0.0 0.0 0.0 0.0 0.0 0.0 
-20.3549590377432 239.73384311166268 0.0 0.0 0.0 0.0 0.0 0.0 0.0 0.0 0.0 0.0 0.0 0.0 0.0 0.0 0.0 0.0 0.0 0.0 0.0 0.0 0.0 0.0 0.0 0.0 0.0 0.0 0.0 0.0 0.0 0.0 0.0 0.0 0.0 0.0 0.0 0.0 0.0 0.0 0.0 0.0 0.0 0.0 0.0 0.0 0.0 0.0 0.0 0.0 
58.232042792682364 -54.519130542751626 233.4140726808384 0.0 0.0 0.0 0.0 0.0 0.0 0.0 0.0 0.0 0.0 0.0 0.0 0.0 0.0 0.0 0.0 0.0 0.0 0.0 0.0 0.0 0.0 0.0 0.0 0.0 0.0 0.0 0.0 0.0 0.0 0.0 0.0 0.0 0.0 0.0 0.0 0.0 0.0 0.0 0.0 0.0 0.0 0.0 0.0 0.0 0.0 0.0 
8.02880475129044 14.08616528396483 -26.264624244921162 203.35605457016814 0.0 0.0 0.0 0.0 0.0 0.0 0.0 0.0 0.0 0.0 0.0 0.0 0.0 0.0 0.0 0.0 0.0 0.0 0.0 0.0 0.0 0.0 0.0 0.0 0.0 0.0 0.0 0.0 0.0 0.0 0.0 0.0 0.0 0.0 0.0 0.0 0.0 0.0 0.0 0.0 0.0 0.0 0.0 0.0 0.0 0.0 
-22.752741360034687 63.25468597094248 27.339667359031456 -5.8896393290669575 243.2561891942326 0.0 0.0 0.0 0.0 0.0 0.0 0.0 0.0 0.0 0.0 0.0 0.0 0.0 0.0 0.0 0.0 0.0 0.0 0.0 0.0 0.0 0.0 0.0 0.0 0.0 0.0 0.0 0.0 0.0 0.0 0.0 0.0 0.0 0.0 0.0 0.0 0.0 0.0 0.0 0.0 0.0 0.0 0.0 0.0 0.0 
26.034733711476676 12.251834891799213 -25.792369420660993 20.485538112188042 -21.135640306619987 235.3149327777328 0.0 0.0 0.0 0.0 0.0 0.0 0.0 0.0 0.0 0.0 0.0 0.0 0.0 0.0 0.0 0.0 0.0 0.0 0.0 0.0 0.0 0.0 0.0 0.0 0.0 0.0 0.0 0.0 0.0 0.0 0.0 0.0 0.0 0.0 0.0 0.0 0.0 0.0 0.0 0.0 0.0 0.0 0.0 0.0 
-19.013811021854345 -24.844671515650454 -83.52533380967515 14.530278403212897 10.312018862706056 59.55453552161297 233.0860767980422 0.0 0.0 0.0 0.0 0.0 0.0 0.0 0.0 0.0 0.0 0.0 0.0 0.0 0.0 0.0 0.0 0.0 0.0 0.0 0.0 0.0 0.0 0.0 0.0 0.0 0.0 0.0 0.0 0.0 0.0 0.0 0.0 0.0 0.0 0.0 0.0 0.0 0.0 0.0 0.0 0.0 0.0 0.0 
26.996676562080534 -28.56462122608985 -3.391906490909876 18.290662891042764 18.671682985521862 -32.23062582166461 9.584985329826202 237.20142945789027 0.0 0.0 0.0 0.0 0.0 0.0 0.0 0.0 0.0 0.0 0.0 0.0 0.0 0.0 0.0 0.0 0.0 0.0 0.0 0.0 0.0 0.0 0.0 0.0 0.0 0.0 0.0 0.0 0.0 0.0 0.0 0.0 0.0 0.0 0.0 0.0 0.0 0.0 0.0 0.0 0.0 0.0 
55.34331979472695 25.862072976043173 4.158756635925842 8.225323230345312 -35.774573656486936 18.11668717398711 8.972234668176231 -62.773224101841805 221.04075522286814 0.0 0.0 0.0 0.0 0.0 0.0 0.0 0.0 0.0 0.0 0.0 0.0 0.0 0.0 0.0 0.0 0.0 0.0 0.0 0.0 0.0 0.0 0.0 0.0 0.0 0.0 0.0 0.0 0.0 0.0 0.0 0.0 0.0 0.0 0.0 0.0 0.0 0.0 0.0 0.0 0.0 
-34.10216391075728 19.603273738322056 -18.997171830839562 -5.942714410208876 -22.160609078270916 39.560073490354476 44.79623571439063 -37.21428224313007 -20.880856446825202 217.04557944276115 0.0 0.0 0.0 0.0 0.0 0.0 0.0 0.0 0.0 0.0 0.0 0.0 0.0 0.0 0.0 0.0 0.0 0.0 0.0 0.0 0.0 0.0 0.0 0.0 0.0 0.0 0.0 0.0 0.0 0.0 0.0 0.0 0.0 0.0 0.0 0.0 0.0 0.0 0.0 0.0 
-5.235542205192763 9.664742668535565 17.51917831972921 -17.87055215156333 -1.42196117683668 20.38068873410853 -10.543329738901022 -17.907579139055223 60.43216063297406 12.213218502796906 193.60934284802215 0.0 0.0 0.0 0.0 0.0 0.0 0.0 0.0 0.0 0.0 0.0 0.0 0.0 0.0 0.0 0.0 0.0 0.0 0.0 0.0 0.0 0.0 0.0 0.0 0.0 0.0 0.0 0.0 0.0 0.0 0.0 0.0 0.0 0.0 0.0 0.0 0.0 0.0 0.0 
-11.937066007636298 34.50584292005432 -40.06749235118842 4.0566929818443 15.667852004226393 9.622036089870713 16.383684801230032 -24.906094504740434 13.323186187219193 19.770417396005545 46.89398265912927 219.47814228710672 0.0 0.0 0.0 0.0 0.0 0.0 0.0 0.0 0.0 0.0 0.0 0.0 0.0 0.0 0.0 0.0 0.0 0.0 0.0 0.0 0.0 0.0 0.0 0.0 0.0 0.0 0.0 0.0 0.0 0.0 0.0 0.0 0.0 0.0 0.0 0.0 0.0 0.0 
1.8898715494219456 54.203838769978944 17.176989636803413 -80.31933379083817 -3.218179578980732 -19.922516003802578 -33.493100916875925 -25.9974583512726 41.774070069863726 28.284687545091852 28.943520543655243 -6.804400809243496 202.0168336301913 0.0 0.0 0.0 0.0 0.0 0.0 0.0 0.0 0.0 0.0 0.0 0.0 0.0 0.0 0.0 0.0 0.0 0.0 0.0 0.0 0.0 0.0 0.0 0.0 0.0 0.0 0.0 0.0 0.0 0.0 0.0 0.0 0.0 0.0 0.0 0.0 0.0 
7.669333012059252 -10.144697266313898 10.293077319917655 11.547546010551644 9.807545610556636 -44.463079820149176 -28.616815593495645 -14.591027954030146 -12.765614620811258 -16.122236060753877 -10.054804535696713 5.244027059102016 -22.960996357383227 195.88409908129302 0.0 0.0 0.0 0.0 0.0 0.0 0.0 0.0 0.0 0.0 0.0 0.0 0.0 0.0 0.0 0.0 0.0 0.0 0.0 0.0 0.0 0.0 0.0 0.0 0.0 0.0 0.0 0.0 0.0 0.0 0.0 0.0 0.0 0.0 0.0 0.0 
21.658555353690094 10.116413701526483 -18.822711319152866 24.77383641402987 16.419729339664084 36.40174984742791 -24.72372001431411 67.0214860316738 19.579212574929542 19.51834129527218 -44.8992420075783 -7.137737963709173 13.055661505653605 -54.02563027419743 221.20888148063662 0.0 0.0 0.0 0.0 0.0 0.0 0.0 0.0 0.0 0.0 0.0 0.0 0.0 0.0 0.0 0.0 0.0 0.0 0.0 0.0 0.0 0.0 0.0 0.0 0.0 0.0 0.0 0.0 0.0 0.0 0.0 0.0 0.0 0.0 0.0 
20.74235438380321 5.28436662004697 11.797822529461452 -3.7257268305811215 -36.868357593588634 -26.256127991782442 22.646931511822785 -10.067978761912892 -16.25107077541366 3.171618248331576 91.23744007445704 31.40473837623854 19.192765974325578 13.29359098213045 -10.459983503218254 180.6540455760512 0.0 0.0 0.0 0.0 0.0 0.0 0.0 0.0 0.0 0.0 0.0 0.0 0.0 0.0 0.0 0.0 0.0 0.0 0.0 0.0 0.0 0.0 0.0 0.0 0.0 0.0 0.0 0.0 0.0 0.0 0.0 0.0 0.0 0.0 
-19.65675094953981 -7.4960507724289 20.001707231177367 2.897351375383727 11.700608320919372 -22.51749217104661 42.71939699684132 -40.10105718713188 -18.988997003255793 37.01462855663114 -4.241827328469956 26.97636438943903 -4.094873800314654 11.05314705603579 -49.88195312905822 19.40656892754179 200.501575853767 0.0 0.0 0.0 0.0 0.0 0.0 0.0 0.0 0.0 0.0 0.0 0.0 0.0 0.0 0.0 0.0 0.0 0.0 0.0 0.0 0.0 0.0 0.0 0.0 0.0 0.0 0.0 0.0 0.0 0.0 0.0 0.0 0.0 
9.698065010467607 15.884505540080651 30.953966295533146 -23.54044126749505 12.623443444344465 -6.4695805547323415 -23.15544824746872 -31.22882947772274 -13.087158575459561 -4.529501305033683 24.707655971765085 -1.4311713217957158 -4.592929018479187 13.949510921149443 -6.417870409254382 -61.60960536332877 35.20197169206524 183.27029956530527 0.0 0.0 0.0 0.0 0.0 0.0 0.0 0.0 0.0 0.0 0.0 0.0 0.0 0.0 0.0 0.0 0.0 0.0 0.0 0.0 0.0 0.0 0.0 0.0 0.0 0.0 0.0 0.0 0.0 0.0 0.0 0.0 
-35.722528692641106 16.57238249509807 -55.49407023614908 -33.847095501558265 -1.6060228985718017 11.219669285583405 26.272935924207708 -44.7578732721753 17.190548755276833 -14.700208219097378 14.037871861693858 110.05272928389586 45.31977927573301 -13.713901027334767 -21.004735749584917 70.82288317153444 4.597115313331348 -16.850843787183262 219.39409064494296 0.0 0.0 0.0 0.0 0.0 0.0 0.0 0.0 0.0 0.0 0.0 0.0 0.0 0.0 0.0 0.0 0.0 0.0 0.0 0.0 0.0 0.0 0.0 0.0 0.0 0.0 0.0 0.0 0.0 0.0 0.0 
60.0262782953302 8.008607597658886 -19.291814292833845 -16.732385936030976 5.607343428242809 32.90045751248923 -13.903426812413729 3.6662571219234983 11.273741248027264 -4.639189877248646 7.870470259702194 -37.293740799216316 -56.063852266057324 -15.787262348744957 12.648114018827735 -37.91855680880213 -5.058493141981949 10.649589925555997 13.159773773500842 204.21402873398807 0.0 0.0 0.0 0.0 0.0 0.0 0.0 0.0 0.0 0.0 0.0 0.0 0.0 0.0 0.0 0.0 0.0 0.0 0.0 0.0 0.0 0.0 0.0 0.0 0.0 0.0 0.0 0.0 0.0 0.0 
14.153004329655348 -11.234561532046174 -14.5535796420444 43.15475939190868 -20.0910715430714 -56.72639383269003 -17.951271251854457 -27.605160053669533 2.2268314166156356 10.059894367045183 -59.190326143340926 33.259902797277036 25.522615667720803 -13.520494171398452 23.72794899519122 1.349378603132489 -27.18120678299164 1.3402365028527532 14.097495302936629 -24.510003866605874 199.06574606734134 0.0 0.0 0.0 0.0 0.0 0.0 0.0 0.0 0.0 0.0 0.0 0.0 0.0 0.0 0.0 0.0 0.0 0.0 0.0 0.0 0.0 0.0 0.0 0.0 0.0 0.0 0.0 0.0 0.0 
16.12359233798335 2.879247036049589 -40.144705683850546 -37.88245208768623 81.30613550470619 -4.759770243330642 -28.739845073069205 70.30412564070542 -2.4203011551180023 -11.457970805332192 -30.972387266302643 -35.27987646173639 -43.248434228638146 8.794301275700295 -7.453298805021215 -22.306440171451996 -40.24168500881443 54.58383331455742 35.37674402821921 6.078644434307243 -38.69954915361984 179.15595188294884 0.0 0.0 0.0 0.0 0.0 0.0 0.0 0.0 0.0 0.0 0.0 0.0 0.0 0.0 0.0 0.0 0.0 0.0 0.0 0.0 0.0 0.0 0.0 0.0 0.0 0.0 0.0 0.0 
34.44267333977527 -30.58259310941414 11.330836253818449 -3.889278123273232 38.80625932912353 30.814262676629546 9.702208121561672 6.340059836856869 -17.09809175714748 -12.7365494312355 12.327820838076514 -0.20568625106515673 14.644238314560035 4.5508103299722595 50.57287906126788 -21.889299861033432 -21.601609581997263 -13.191741350761944 -29.25209306541874 -10.743267666844993 -20.273936895052515 43.40211513364711 182.33855323896861 0.0 0.0 0.0 0.0 0.0 0.0 0.0 0.0 0.0 0.0 0.0 0.0 0.0 0.0 0.0 0.0 0.0 0.0 0.0 0.0 0.0 0.0 0.0 0.0 0.0 0.0 0.0 
1.315316127842387 -16.760784319026882 -8.196532693230145 -3.3156953295141562 37.314083439855075 10.288039683712386 -40.38742479854836 4.082670591498459 -32.35540450197721 4.452056836500121 11.468040797474664 -33.44421591743103 20.70844337806296 40.68279629869026 54.559067330540074 -0.7631826520620208 26.785418127441243 40.12366552809823 34.91368362564903 17.877243382176193 -10.857413786462688 6.501208644997227 31.167667537898215 172.84665157645443 0.0 0.0 0.0 0.0 0.0 0.0 0.0 0.0 0.0 0.0 0.0 0.0 0.0 0.0 0.0 0.0 0.0 0.0 0.0 0.0 0.0 0.0 0.0 0.0 0.0 0.0 
10.953511851047335 55.60945110765948 -10.591170213746832 -46.83934582913839 11.324641086383314 -17.32417334815472 -1.8738946629272697 22.405395439928363 -27.08469385078289 45.9049464537295 21.173446957848977 14.842282099151179 7.004529842052649 26.710912891282703 -27.953570457892926 40.02676984378348 14.046963786932375 5.62080001417215 -31.94239945397013 -32.30292828377627 -84.65456961708927 33.97955293442439 8.442048571497326 -31.033078913246754 197.10399466830646 0.0 0.0 0.0 0.0 0.0 0.0 0.0 0.0 0.0 0.0 0.0 0.0 0.0 0.0 0.0 0.0 0.0 0.0 0.0 0.0 0.0 0.0 0.0 0.0 0.0 
5.070325046147614 54.027494460456595 -1.263035363980283 -37.88846375503912 -36.59584799959473 -56.186194154609574 -23.40815504075565 -48.466322779858686 -19.291859931746338 19.178672897998283 46.58166438086491 -28.31713127571274 51.82301868404632 27.18356268161246 -32.377502899711324 7.047598887965024 28.040351440447562 -11.657543574265311 24.565788909252632 -44.68717186566189 -9.66984377644083 -37.08748871393687 22.351779454997487 -28.21722137071531 62.74979768706559 199.3219487315206 0.0 0.0 0.0 0.0 0.0 0.0 0.0 0.0 0.0 0.0 0.0 0.0 0.0 0.0 0.0 0.0 0.0 0.0 0.0 0.0 0.0 0.0 0.0 0.0 
-16.78032750609647 -64.63493160690726 3.38343273811319 0.4761787092735894 -41.903183448494254 -11.933505378821893 -1.6776919181567782 32.9605989430733 6.017788954311185 -27.647565757098477 -5.402436874016581 1.6331729284561056 10.25062438898491 8.538924138215826 0.34282597543936716 13.335290959624517 2.5468660341797777 10.218530867013582 52.2421988739827 32.24910962516777 69.11063805361701 15.659256211170923 -12.792933085592212 12.892927147265546 -56.10141154289464 -13.077892466000234 198.94829577664316 0.0 0.0 0.0 0.0 0.0 0.0 0.0 0.0 0.0 0.0 0.0 0.0 0.0 0.0 0.0 0.0 0.0 0.0 0.0 0.0 0.0 0.0 0.0 
-0.6287289239296275 -5.87601420695526 -12.47815861184983 0.5900087517884094 -5.046822289938613 -26.930716695582774 6.2027791124366685 9.000133860526885 -46.765121414367975 -6.319117288777566 -29.31827229360048 -28.617284892789264 -27.60790989358317 38.71124994203587 -2.0474941985237067 88.70452834344808 -49.65969438740338 35.01356458677917 -42.25406932076939 -54.84523131760894 -44.04117460526994 -13.153316304791097 26.23051308467239 -40.37684884284018 9.296991953461044 4.374773217970216 32.75783554688466 155.41017284423603 0.0 0.0 0.0 0.0 0.0 0.0 0.0 0.0 0.0 0.0 0.0 0.0 0.0 0.0 0.0 0.0 0.0 0.0 0.0 0.0 0.0 0.0 
39.11772094227702 -22.212710243840817 21.64291641453641 -27.006362913317133 -5.016083948170603 32.192635417260774 60.827733748063196 7.725388291014587 -7.436621072487933 54.65063586336025 -1.2880355758499074 9.112786705982854 -25.52146307613072 -2.033123215683564 -20.05711572298341 54.55226992727371 21.142414979697875 58.2108412058277 -53.85175541859981 9.803481831940598 -30.628421010758306 -29.602881599624087 -28.126576613797905 19.78225913797996 41.165005122827665 60.55528338753714 5.056598580106649 48.68000568122523 189.38879542666004 0.0 0.0 0.0 0.0 0.0 0.0 0.0 0.0 0.0 0.0 0.0 0.0 0.0 0.0 0.0 0.0 0.0 0.0 0.0 0.0 0.0 
2.580431821566357 22.79122496967638 -22.133974337661726 -13.366330932552897 -80.22902092189831 12.562757081640063 56.15236153546272 -1.7682660052981003 -13.19326017648924 -7.605207702673129 44.19880550608101 -41.450434377504486 -33.08864676371914 -5.722424858386875 -8.752141292100164 10.569027620978213 1.4917034495371906 -18.518426641193347 7.273668204418008 30.871004058484058 -12.679194873284173 -38.72256046399889 -23.98848931132482 -31.20360911539886 21.334499221130308 3.9485862388554382 0.22858481216656792 -19.23569449715894 15.84434723051762 186.24722278382876 0.0 0.0 0.0 0.0 0.0 0.0 0.0 0.0 0.0 0.0 0.0 0.0 0.0 0.0 0.0 0.0 0.0 0.0 0.0 0.0 
38.286235533458274 43.95835847382996 13.415511658830946 6.109525544432828 -41.19869794986631 -0.8036493480982744 10.943613324280903 -66.79902636629197 29.740608229370928 -34.181531832494215 47.64161452249961 -33.462440862340266 -0.3750470200858637 -17.656117516065056 -34.7425589693966 24.4591388493162 33.56558870038671 -38.64150389577425 -5.238594683606282 -68.13910511698381 10.977186522499741 1.4278949162453087 0.4128912107374839 -13.64204777778136 -24.10305362379344 -89.63875541208802 21.11342875796103 -35.19553374155445 73.23371155535423 49.50566458329684 224.38381309464276 0.0 0.0 0.0 0.0 0.0 0.0 0.0 0.0 0.0 0.0 0.0 0.0 0.0 0.0 0.0 0.0 0.0 0.0 0.0 
-35.62656741175067 55.791340050527054 45.574594046987066 -80.758426147931 -63.21862196502972 -42.82281048106953 17.380695990787324 4.956659681876938 9.86342085467663 35.45610971196758 14.475973843039931 7.859583183303607 2.706931402630616 -17.38047079789083 -36.82995204314199 13.74694919405066 21.644215736877815 13.827174014349731 20.001520544456493 -45.863434315389576 -16.420209243426203 -21.253738700058705 -0.14144782844674123 22.22988822955551 26.16765559654903 36.708899023361944 24.61219627209863 -66.2163343885782 14.925059643084765 -19.221170213335228 5.276107672142207 194.51301278309774 0.0 0.0 0.0 0.0 0.0 0.0 0.0 0.0 0.0 0.0 0.0 0.0 0.0 0.0 0.0 0.0 0.0 0.0 
1.3244554168293254 12.603518848558277 42.69790836128282 -16.69493469514307 -24.060733573437837 30.911359000354384 -24.648086411118392 7.2390304300578725 -8.805083304000368 34.82870866540611 32.13322146682474 -4.10892063519117 -5.745229263460219 -35.12435560610029 -6.105935279111236 -5.795180688749169 -41.69719702473593 15.96534083675317 -28.792423881156786 -32.46410725250747 -70.50576378281595 -34.75332587459972 13.091428918501494 0.6959893851343921 35.99528280968701 82.33684170916993 -19.258626191496464 83.90265002136766 -28.82454178139195 56.66336783957782 55.90944740388106 39.86394462655519 167.40998719987962 0.0 0.0 0.0 0.0 0.0 0.0 0.0 0.0 0.0 0.0 0.0 0.0 0.0 0.0 0.0 0.0 0.0 
-42.27822473695709 4.868432826984063 65.17985022834296 -42.100581293890954 -10.180901677317284 -24.49019246089019 -50.2185330973076 56.50378760349156 -15.304309405615756 17.006059568292326 -26.77413458756602 0.9227367051309042 2.008016311102807 28.142180193483142 -3.0947676509200894 22.685445768268128 4.312739505954409 33.35773813320362 -10.493068742932538 31.02680258662763 11.377969119314772 -59.37685741972703 -41.938752492759235 -26.08385778505014 -10.529854105779538 57.30491857563376 42.226642358641406 14.14721571686375 -2.0141416052849874 -17.89132335377364 35.2810905209429 29.320706109835516 -59.867089677293855 168.1313899539253 0.0 0.0 0.0 0.0 0.0 0.0 0.0 0.0 0.0 0.0 0.0 0.0 0.0 0.0 0.0 0.0 
26.336768469843577 10.0585277185159 29.636654675571396 10.611678456516385 54.13592635176609 10.004268464817384 -38.99263033112787 37.08311453864871 24.38403066780278 1.1419855987762866 16.211620804669288 1.1746833894386524 -1.1163659347702761 4.374016655392843 12.378377549283895 -5.8716126384478935 -30.25411307466879 7.411579242251266 -18.31449914639659 -16.596398363074467 18.543743696316596 -7.957141946129364 3.074304104391575 31.94052098206404 -55.813147847406 36.34187727014299 -1.4118282416597403 -35.10155988790207 -1.903946794197103 1.5478088818428157 7.278591395125629 -62.68630752546174 -4.005672904492151 8.061712974860658 156.02021592663908 0.0 0.0 0.0 0.0 0.0 0.0 0.0 0.0 0.0 0.0 0.0 0.0 0.0 0.0 0.0 
61.617674388088375 -9.001490453871211 32.07576563119469 -26.116798258913253 -10.863215975850055 -6.800566304726594 -3.0894302699070715 13.469168670822393 39.49032048520506 -48.83079938176798 -23.68501717469113 1.4222164436660605 -14.005216562840031 23.954306977766212 5.318025178867463 -66.020539052928 13.30161110811838 68.51922192144693 -17.57652296062768 15.899158112198657 -27.218082142164054 12.055391865013828 -17.266911206650036 -9.836598630591174 -24.65268426247746 51.154585798418886 -7.569398688671517 28.649784247506805 60.49834711361061 -37.59344733105894 26.759323716408964 -1.1044733156670385 18.264905499833855 -30.476399396015115 15.84844987998293 133.08634189505818 0.0 0.0 0.0 0.0 0.0 0.0 0.0 0.0 0.0 0.0 0.0 0.0 0.0 0.0 
8.797805966090756 -10.26788971594187 -18.099085398163783 -30.11625854575441 6.319835897667118 -5.534419460531976 5.143453115643184 60.77423105282286 68.99532678692894 -35.91301044372492 0.8288812007115262 -44.68205463653732 23.51421900491706 24.08836764118871 59.54545350915986 0.41013648189618956 -47.01453996483237 -11.467204897008372 -44.784796967706974 -22.29486570481295 3.316804921067037 16.21235730969455 -31.56400698998448 -22.702606509503447 -24.211410880842465 1.3799637700126206 8.091018377603126 -2.8548032731879434 -38.80336293327663 -86.50363468028132 36.83670007740398 -64.31471009285762 -60.374081823647614 -17.721560373306247 35.75504945639269 -9.29812453188626 137.94401257334587 0.0 0.0 0.0 0.0 0.0 0.0 0.0 0.0 0.0 0.0 0.0 0.0 0.0 
-33.308153593584166 43.800649301553136 -18.03052043872693 7.748921352846868 4.9218534493916435 -23.884953255023028 -69.2465985467465 -46.66533384334289 30.011475686603404 38.52654372125898 51.194039448837685 30.14454272511098 -6.746947974531799 30.84591068842013 -34.030329233500325 27.157640636239464 11.593158148637322 13.552677045106215 21.578446616322477 -44.0360574191023 -9.240633656349504 -55.94145076522707 67.40292907835975 -44.80557066855363 3.6111797935291343 3.39546773518455 10.036394186158184 -43.24474523350444 -40.92456945506606 -14.723945641882748 6.0490524596759006 -30.88072019229413 37.68270284292708 8.729055341134906 67.31606914045602 33.04086973906996 17.801075378200107 156.1402814608858 0.0 0.0 0.0 0.0 0.0 0.0 0.0 0.0 0.0 0.0 0.0 0.0 
44.89162550884018 22.57128686915701 42.03775250627878 -34.38874257347521 -16.952553544543473 52.323857478390075 -32.83929889133459 50.53233792127689 85.1668758456124 -25.79722399156663 11.233856232238075 23.208779442028476 -3.0326370243884977 -6.757231588634247 44.10142384975981 21.87184358618943 -32.01133790448509 46.47369906819807 -3.5056703717116 -28.809351477932527 -14.238935462351156 16.424605884910008 -18.98634174573157 -26.824514117110862 -18.11299760893445 24.18945237667843 -27.692723878655137 -1.2545183153298787 -45.274006458598656 1.7577353890034124 58.204115184161864 -14.920381796538544 28.901789588303977 -6.839177412922374 -44.76683039021022 1.7714456697625085 -45.65817772225203 32.89695204269187 176.4930155244827 0.0 0.0 0.0 0.0 0.0 0.0 0.0 0.0 0.0 0.0 0.0 
58.62746414393306 -24.188035780696683 -19.085764541102808 -19.011303339635298 1.1528701626719062 -1.406310641483034 8.897218467264628 -18.838528207158895 -2.943605705886883 -65.1672276588657 18.606408597278474 -76.68052169205328 -8.586047290305313 -6.423547825361021 -5.097199881846921 -44.00383904802126 -11.628070718752298 10.102957450982084 -20.004777304057235 -4.563783408879196 41.08835584998678 32.6948913366171 10.974812471691127 17.537816657225996 37.16037346104877 -12.829886510957838 10.583819906492467 10.65066604431909 53.764968190108654 -32.75735960115974 -24.84072024561948 -40.28534899348507 19.246289842246636 11.655449098060126 -1.2828666562647117 10.051096996847486 53.548086084680406 -59.53361229443652 40.18636553218786 117.34620803778853 0.0 0.0 0.0 0.0 0.0 0.0 0.0 0.0 0.0 0.0 
-25.676582718288063 28.798120167176133 23.23849271218207 23.77287125238584 43.80592457530511 -16.315848997568093 -2.8072020727868465 -10.14278935789139 -5.081569406763908 22.61339853101024 11.779947505630942 42.73964547910947 32.10867738009994 -9.573770727796733 -55.37136635223203 -29.53511833801061 -27.501747755603475 3.7334558115236645 -20.717817361197255 -28.099461290049145 15.234174235963886 43.58062042369327 11.156156545332815 36.42186352562079 -15.702598584530334 -16.796685201391846 7.414185985793341 50.63978807490282 -14.260316054199606 -31.852024968940214 -19.232772834340654 -34.15954315528337 -48.51146070337969 27.075863543688165 -26.76570216385424 50.33919633218954 26.016372047995468 51.78115088789235 -24.18970896351274 -12.536905204000224 86.26087539693836 0.0 0.0 0.0 0.0 0.0 0.0 0.0 0.0 0.0 
0.5735434929156498 -31.60771606876912 17.40979577957205 10.410480684896944 0.14928185150848766 14.910091565738197 13.166256973492523 42.19571254296652 -14.42873124054076 2.0589225958849857 -56.43332467586267 -18.195315460175784 11.555187046800347 7.717209022541322 45.36249257039525 -23.133663810238325 -33.342806138164896 -3.8141035371558263 -40.761858682141686 -7.750999145609819 -26.173545297649856 35.425349576300285 -25.043181713547618 31.52705100228268 -37.60633444360724 -60.59026879380915 18.961484586063527 28.663908176953818 -21.1138657874829 33.662096255662824 -2.0955958200101494 14.399665964653607 20.5582165807247 15.922974403470306 15.678829382406034 58.83920086401921 -9.081457110655178 -15.928847583807322 19.901419307455182 50.21655621928357 0.4585588552941343 91.8428346747472 0.0 0.0 0.0 0.0 0.0 0.0 0.0 0.0 
47.303479602217394 -59.40747176440889 26.81140558808973 -9.413322681913465 17.162332709943733 17.400467912967876 21.24634063558789 -30.51859862601254 60.71527578388744 -47.81980012127124 26.23601175532196 24.68462450559401 44.32119251136163 -27.001779542434484 54.48811807866723 -21.917301341486482 41.041651419822166 -14.79792939447234 36.3757828791456 24.467257878127295 5.25593503011567 62.61542833788587 -19.744260067987355 19.5376082517558 -42.28754514993314 -2.838263947552828 -5.177455115977199 16.341064322203586 35.94844005887069 -15.986759474958351 2.1378410240671886 -8.770018338588686 70.21592257723586 28.06541938439451 57.460879094670354 -47.41072378852188 -17.734016173216915 23.93534376111096 -9.668373554316501 -12.148337350183688 -3.9964685626710503 -47.872849939006755 73.80711672353107 0.0 0.0 0.0 0.0 0.0 0.0 0.0 
-36.41963435295565 -1.733687511493962 -42.117221914476595 7.8862091805432835 -3.2354139364197376 56.765577530211786 8.431439247630248 -21.084579958253308 12.045965922884356 8.381718866163144 -7.896653331589465 49.95370484573368 66.10904877598229 -3.5757213175042315 30.521339359860153 17.90439715313573 -26.20258361039769 14.643173912658973 17.91479811828616 -48.508584919867104 -33.371208853575304 16.60278961354053 15.167982610402472 49.94181569529427 -46.480857294440526 12.34462612439267 -15.071128209127325 -33.39660245288457 -1.289181101442979 3.35599323693401 -7.3925929296432855 -42.57212601907531 58.74985174097508 -13.245067207443588 -28.071925483771082 -3.884787792307271 16.808783115373092 56.9357700338315 22.881965829055233 30.782885740239017 14.943361573765007 -83.8828039617971 -44.92917551111767 98.64757835298965 0.0 0.0 0.0 0.0 0.0 0.0 
87.65030425258304 -45.33399204395002 12.021858098254915 -41.05939070784059 -22.698869109351378 12.475138294954453 -3.2406115586780944 14.236010777575354 -17.540976160076365 22.4309631491214 -23.891134874751963 -78.34158291224708 -40.073944007630125 17.174401433049844 2.119248193904314 -21.64766391658982 -26.629932383187693 20.892497501652123 -37.767616275229 1.5401119781382966 -57.68282174888687 53.28721910095461 28.525729749385363 35.954845346179695 -1.3034053648669477 -59.51685219388074 21.24092248762839 -7.0099427782846 28.909072540784898 -8.144730566279913 -48.72063225068106 37.26681254222758 47.146717606009965 18.81280934887951 -25.24036601330226 49.44567466706987 13.256898876411126 -68.78376140719168 43.74483721120652 -62.39715144187013 14.143815458309676 -10.081570661331298 2.6298525116290667 -63.7701780625572 118.72023666098067 0.0 0.0 0.0 0.0 0.0 
5.239391019314517 19.62747091263077 -22.439126777963562 5.509709611777242 -27.072116699349717 -21.429216930563122 9.418367392996899 -13.078942556025249 -15.245601085120692 6.725372910562086 -20.069966770154203 -5.77547783923183 -5.923383890114341 38.47650042594907 -28.79380578155002 70.04846932878813 3.6648547575100734 11.523959036878994 -26.51961477956498 11.132729822151841 -58.00286127835006 -19.40944442953506 -4.427840932640683 -20.676859594612555 43.6893864986587 -17.92226342975485 -16.42602152168616 -37.063714811526054 -23.572987620989778 -5.062840354138724 33.14204437463102 27.16009226658946 -11.628338110071478 -11.124020730762346 -25.295578015338318 10.369560064504507 5.4860821498886985 -15.07357231141923 27.012582453925955 8.604185624229233 10.03396133167001 -7.256594022892012 80.20755742465529 -57.83719315818716 -47.45129979060738 104.41662153956119 0.0 0.0 0.0 0.0 
4.13569411569608 45.58771396149783 -35.577979050128256 2.3735041618806654 -40.41257193848094 -14.952128246210032 42.945822839658376 -41.26204171717379 10.277105968205962 13.916202052658585 9.077495467334495 -0.18977398766500975 -38.84661518576064 65.81890694632189 2.0573258578182383 45.378055940975685 -35.796802847023194 -27.54507969097879 -57.3555373416365 -43.047859084462935 -0.420454806103617 -37.68529176333761 0.39396281446281667 31.92485071088442 70.44073985734939 62.518563139409515 13.493139291531216 -13.995946645845281 10.630553544363051 -15.977541946891627 6.88379264621224 -38.92481380100363 -6.670713252335161 -8.233880879471434 41.06505421488336 15.948206809675636 -106.1466082840207 25.427797780652114 17.466716769256347 -35.24360778748591 42.71166956790208 18.350392802131186 -32.40865480071656 9.815829622354682 19.677946751498233 -21.98054794737455 57.132628055314676 0.0 0.0 0.0 
22.703989613574553 -12.398862557566638 -30.14868460777833 49.879426387611545 -48.6361055206899 -10.781364204322362 49.058525179506454 -47.357351803355506 13.596641051232488 1.9882407117529255 4.398107159990082 45.22191282251643 16.64317619159105 -37.46969688810557 -24.293105851209354 3.370991539133178 7.718437665265835 -70.21046498748223 53.376036089185355 -30.508870243700844 27.094541644721414 -2.837293408125652 16.914543385751696 -47.5601428729669 38.025952168578485 -17.682657583526684 -5.274104631298718 22.275342917290903 -19.122020665377725 49.64710089892851 -5.436943826788794 24.692366007141274 -24.76046938401569 -28.750655319936097 98.61977971131125 -43.094195215971254 15.245525785819876 -25.114490304197684 -3.1757782236234915 7.421779614794458 137.61475273208507 -49.5904063572759 -10.484011873585343 17.307691733918492 36.71948926903294 -9.17788269186742 38.61847837328053 96.14237528007376 0.0 0.0 
5.420785950276881 -36.17071999229429 14.22786548449458 31.549702205400138 28.994910279149828 30.165784705582976 11.662186218779873 -25.320504039958557 17.00386603650304 11.389211476713013 -17.27900930370638 9.735478311857044 -16.219073142367353 -8.50795023804544 16.843266758160258 2.7038133591288824 -16.97068357032505 -15.593544330092033 -17.489906371812687 7.544733893225386 -12.02898031904267 0.7329184982742113 -15.303051552332622 36.98693993009013 32.69154872663055 -2.1778585366285177 -12.926588443789655 53.62864157223482 -4.558612412592424 30.007658057226728 5.774702457059077 20.384701470754194 -23.03582810286392 -27.298798824707795 57.73959584286999 5.280899852364029 42.14387985146989 20.36264539404316 68.0757840490096 -34.62256608252096 -42.38359860232069 -38.384432229448514 12.441902612348175 9.899118126052612 20.667568510354105 -32.7526280867798 -34.71649811924363 7.415631067934139 61.8106068858279 0.0 
-17.007647073504565 15.924653201189962 -60.32796859247091 -29.663548500094095 -5.392572695325223 -4.722286705539901 0.33836382287325145 -40.38998089836195 43.2258164533927 22.561752687960347 11.70967924898127 63.923702577401045 28.10175506853316 18.867904544585432 -11.854344304461854 10.109902691466518 -5.7966372666063375 20.87543598367286 7.675713234049083 -24.525474169397107 -28.60748728789468 -16.906627034663654 -9.322618492679313 30.652624309280387 7.499409184163084 11.058351023913369 1.182271411861785 -64.99009924142595 -14.495307111514068 32.25297262694594 36.456273605375735 4.939802979911688 3.949687884596185 -38.0810329545098 49.87965467859755 -96.35786107314827 54.23873174431098 53.47292589986104 24.666674117275495 -38.57398128761836 48.38468516839766 73.8278260375674 -34.04596854075356 -25.462320653231252 38.09067795693236 -43.33777344437437 27.227255167915995 23.831819741100993 -13.084647302916869 63.41070319082214 
