0.012689732059086746 1.167102212131875 0.5692504294682608 0.06924033334319586 -0.4673344053547868 -0.38719388198584703 -0.2543662963216753 -0.9566333317995127 -0.05061866039862273 0.36112313284810477 -0.5537879867404979 0.0779818873691418 -0.7116868781534832 0.4604677899611204 0.13501326334356345 0.26094168237879173 0.12139536633840624 -0.6151423342071993 -0.014267038778300406 0.4166043885807807 -0.6031889100733822 0.0952007161905833 0.5734696351826621 0.14149142870639753 -0.6592383665915791 -1.8595063167961072 -0.8976484878794783 0.10034622409914118 -0.048053649836233996 -0.17985797448825774 2.7711110326747126 0.5146645823509399 -0.46637185502002654 0.9886281580062444 0.4310001902637927 -0.3925417576261759 0.09455149437398966 -0.1514824966634658 0.5241347777139733 0.13992520159630226 -0.06543909246167148 0.9419749109085187 0.43590893554108545 -0.020417816609416085 0.6330326230429169 0.10189127237732767 -0.09202087312079613 -0.2323477044997191 0.3699580131054854 0.2192475774466111 
43.24294669870582 0.0 0.0 0.0 0.0 0.0 0.0 0.0 0.0 0.0 0.0 0.0 0.0 0.0 0.0 0.0 0.0 0.0 0.0 0.0 0.0 0.0 0.0 0.0 0.0 0.0 0.0 0.0 0.0 0.0 0.0 0.0 0.0 0.0 0.0 0.0 0.0 0.0 0.0 0.0 0.0 0.0 0.0 0.0 0.0 0.0 0.0 0.0 0.0 0.0 
1.2350113546517845 37.73131796565207 0.0 0.0 0.0 0.0 0.0 0.0 0.0 0.0 0.0 0.0 0.0 0.0 0.0 0.0 0.0 0.0 0.0 0.0 0.0 0.0 0.0 0.0 0.0 0.0 0.0 0.0 0.0 0.0 0.0 0.0 0.0 0.0 0.0 0.0 0.0 0.0 0.0 0.0 0.0 0.0 0.0 0.0 0.0 0.0 0.0 0.0 0.0 0.0 
9.35151512272002 12.230527597492916 34.89580076408818 0.0 0.0 0.0 0.0 0.0 0.0 0.0 0.0 0.0 0.0 0.0 0.0 0.0 0.0 0.0 0.0 0.0 0.0 0.0 0.0 0.0 0.0 0.0 0.0 0.0 0.0 0.0 0.0 0.0 0.0 0.0 0.0 0.0 0.0 0.0 0.0 0.0 0.0 0.0 0.0 0.0 0.0 0.0 0.0 0.0 0.0 0.0 
-2.7453509931875932 -10.712884563596043 7.182129051073115 51.77196258024638 0.0 0.0 0.0 0.0 0.0 0.0 0.0 0.0 0.0 0.0 0.0 0.0 0.0 0.0 0.0 0.0 0.0 0.0 0.0 0.0 0.0 0.0 0.0 0.0 0.0 0.0 0.0 0.0 0.0 0.0 0.0 0.0 0.0 0.0 0.0 0.0 0.0 0.0 0.0 0.0 0.0 0.0 0.0 0.0 0.0 0.0 
-5.308851178355996 -21.780785620968754 -4.413283566459492 5.993796769855213 43.42091498991581 0.0 0.0 0.0 0.0 0.0 0.0 0.0 0.0 0.0 0.0 0.0 0.0 0.0 0.0 0.0 0.0 0.0 0.0 0.0 0.0 0.0 0.0 0.0 0.0 0.0 0.0 0.0 0.0 0.0 0.0 0.0 0.0 0.0 0.0 0.0 0.0 0.0 0.0 0.0 0.0 0.0 0.0 0.0 0.0 0.0 
-0.20401799236102072 -25.37609886512728 8.58996940929571 22.584916442191016 20.283382918305513 38.85291466211515 0.0 0.0 0.0 0.0 0.0 0.0 0.0 0.0 0.0 0.0 0.0 0.0 0.0 0.0 0.0 0.0 0.0 0.0 0.0 0.0 0.0 0.0 0.0 0.0 0.0 0.0 0.0 0.0 0.0 0.0 0.0 0.0 0.0 0.0 0.0 0.0 0.0 0.0 0.0 0.0 0.0 0.0 0.0 0.0 
-12.233972925807622 -8.96785131211024 4.39783544060928 -2.499150599585748 2.6147092043280318 -8.980928640392426 49.851559155397645 0.0 0.0 0.0 0.0 0.0 0.0 0.0 0.0 0.0 0.0 0.0 0.0 0.0 0.0 0.0 0.0 0.0 0.0 0.0 0.0 0.0 0.0 0.0 0.0 0.0 0.0 0.0 0.0 0.0 0.0 0.0 0.0 0.0 0.0 0.0 0.0 0.0 0.0 0.0 0.0 0.0 0.0 0.0 
16.149582135159644 -26.59725771998381 -7.65935700966576 -11.69223268816295 11.419930188662383 -8.85731472187362 8.103042842120164 35.321066829264126 0.0 0.0 0.0 0.0 0.0 0.0 0.0 0.0 0.0 0.0 0.0 0.0 0.0 0.0 0.0 0.0 0.0 0.0 0.0 0.0 0.0 0.0 0.0 0.0 0.0 0.0 0.0 0.0 0.0 0.0 0.0 0.0 0.0 0.0 0.0 0.0 0.0 0.0 0.0 0.0 0.0 0.0 
3.345989640999921 -13.965027076694891 -2.506704531721895 8.100073847232228 10.84463971034961 20.07738337622427 1.630904234816479 2.648515000541042 31.37728661130099 0.0 0.0 0.0 0.0 0.0 0.0 0.0 0.0 0.0 0.0 0.0 0.0 0.0 0.0 0.0 0.0 0.0 0.0 0.0 0.0 0.0 0.0 0.0 0.0 0.0 0.0 0.0 0.0 0.0 0.0 0.0 0.0 0.0 0.0 0.0 0.0 0.0 0.0 0.0 0.0 0.0 
15.801040332909169 12.802129016530895 -6.464793786844441 -8.327473537245002 -15.905309242334095 -9.572807403751218 -12.570432746658005 1.124812571957387 -0.6936609433650004 37.704537067074476 0.0 0.0 0.0 0.0 0.0 0.0 0.0 0.0 0.0 0.0 0.0 0.0 0.0 0.0 0.0 0.0 0.0 0.0 0.0 0.0 0.0 0.0 0.0 0.0 0.0 0.0 0.0 0.0 0.0 0.0 0.0 0.0 0.0 0.0 0.0 0.0 0.0 0.0 0.0 0.0 
-3.1750179673524768 -4.665625913944479 -2.05050792444227 -0.7568758719394181 -0.2252744302059204 -4.750676868712756 13.312741114213177 4.574262253265913 -10.601895841371913 -1.189721551044611 34.214246115324244 0.0 0.0 0.0 0.0 0.0 0.0 0.0 0.0 0.0 0.0 0.0 0.0 0.0 0.0 0.0 0.0 0.0 0.0 0.0 0.0 0.0 0.0 0.0 0.0 0.0 0.0 0.0 0.0 0.0 0.0 0.0 0.0 0.0 0.0 0.0 0.0 0.0 0.0 0.0 
-1.3575037926527036 19.22039108692336 -13.7192334017394 -32.28293358513736 -12.343086684028036 -16.210323229496126 -8.878984723694547 12.49151715276178 -21.37524930552381 7.881097028693522 20.1215618930351 35.116223876334494 0.0 0.0 0.0 0.0 0.0 0.0 0.0 0.0 0.0 0.0 0.0 0.0 0.0 0.0 0.0 0.0 0.0 0.0 0.0 0.0 0.0 0.0 0.0 0.0 0.0 0.0 0.0 0.0 0.0 0.0 0.0 0.0 0.0 0.0 0.0 0.0 0.0 0.0 
4.009598288718122 -12.371771698507008 -0.6526739384877009 -4.64317727140476 11.316470275007367 -6.241679233833575 27.89477850501558 1.2924134811949362 -6.946833584137675 -9.418985238626426 8.065794510849909 -10.524060929338726 31.156817112539898 0.0 0.0 0.0 0.0 0.0 0.0 0.0 0.0 0.0 0.0 0.0 0.0 0.0 0.0 0.0 0.0 0.0 0.0 0.0 0.0 0.0 0.0 0.0 0.0 0.0 0.0 0.0 0.0 0.0 0.0 0.0 0.0 0.0 0.0 0.0 0.0 0.0 
6.17477799890378 16.57073586581519 -2.2171128429682256 -11.453470202024398 -14.904052414080773 4.134393396028562 -30.348486152562554 -6.696647425280764 11.558979388226533 18.145607097979255 -19.734723292013886 -4.341319429474322 -5.147753625576452 38.82947642911221 0.0 0.0 0.0 0.0 0.0 0.0 0.0 0.0 0.0 0.0 0.0 0.0 0.0 0.0 0.0 0.0 0.0 0.0 0.0 0.0 0.0 0.0 0.0 0.0 0.0 0.0 0.0 0.0 0.0 0.0 0.0 0.0 0.0 0.0 0.0 0.0 
2.638222230567081 1.4053688500686903 12.66940102151159 2.9913778985969652 4.977801679072939 -4.604973794643996 -9.68465839448158 -2.4065692005654853 -8.29117167556211 -6.432757252699552 -4.81881313048757 0.3898212158905726 0.5108206774661149 -6.643515586340095 29.047401172808126 0.0 0.0 0.0 0.0 0.0 0.0 0.0 0.0 0.0 0.0 0.0 0.0 0.0 0.0 0.0 0.0 0.0 0.0 0.0 0.0 0.0 0.0 0.0 0.0 0.0 0.0 0.0 0.0 0.0 0.0 0.0 0.0 0.0 0.0 0.0 
19.489113382318692 7.842840694394319 10.905419460569888 -18.967625218914147 -5.23510214352461 -4.423618611939303 12.388789353552049 0.2154691400512419 6.871432090386617 3.0647812969190142 2.547704333825658 -2.954727626204978 -1.6123327206025322 8.816222534333269 2.1141493859340397 34.261886269254255 0.0 0.0 0.0 0.0 0.0 0.0 0.0 0.0 0.0 0.0 0.0 0.0 0.0 0.0 0.0 0.0 0.0 0.0 0.0 0.0 0.0 0.0 0.0 0.0 0.0 0.0 0.0 0.0 0.0 0.0 0.0 0.0 0.0 0.0 
5.4408576370351325 -5.384316179867753 -11.498569821827328 -16.799962566221314 4.195205983675726 2.540600518756214 3.79895365813608 6.741271439338507 4.049677009946523 8.873126159260472 -0.8304996878551267 0.11720254643885186 -4.690802962413975 -11.48962518168984 -1.8885616937007608 4.028277102083548 28.39182102083173 0.0 0.0 0.0 0.0 0.0 0.0 0.0 0.0 0.0 0.0 0.0 0.0 0.0 0.0 0.0 0.0 0.0 0.0 0.0 0.0 0.0 0.0 0.0 0.0 0.0 0.0 0.0 0.0 0.0 0.0 0.0 0.0 0.0 
-18.34143146771088 -6.102897387579357 -4.839068948199193 15.664708183940654 16.137513948335254 -2.5982625308928946 19.11967691299504 -10.614235868828649 -2.560715604623568 -15.67530559518149 10.242586705612396 -12.46303632669392 6.182494389759234 -9.716232646134381 1.7116489990924595 -5.771061440592715 -3.991724781025077 33.90019414059344 0.0 0.0 0.0 0.0 0.0 0.0 0.0 0.0 0.0 0.0 0.0 0.0 0.0 0.0 0.0 0.0 0.0 0.0 0.0 0.0 0.0 0.0 0.0 0.0 0.0 0.0 0.0 0.0 0.0 0.0 0.0 0.0 
0.1967211367456242 8.225428451175382 -4.186182487956306 -8.143775857655369 -8.86580146120499 -5.6043516846315296 3.589561472655152 -8.564172863289787 2.35945205024565 14.746248647849157 -6.526326489638171 1.2678178196689283 3.6981454564243244 2.902551881149768 1.4135720956776634 11.52231157982241 3.0428291036002295 0.39185612926987273 21.31283949935291 0.0 0.0 0.0 0.0 0.0 0.0 0.0 0.0 0.0 0.0 0.0 0.0 0.0 0.0 0.0 0.0 0.0 0.0 0.0 0.0 0.0 0.0 0.0 0.0 0.0 0.0 0.0 0.0 0.0 0.0 0.0 
-4.025518942498235 13.718604189308088 -1.6628502499925153 -14.407934247687574 -16.347137901922018 -16.05744076432798 20.18644260092203 -2.199507051388495 -2.055770419417575 -5.897250994738319 -1.5265648485240173 -1.5898259797702377 2.958036371208098 -1.2738834326804647 -6.695453204901961 7.716656698515917 -4.594623244840166 -1.7934043053896918 0.8413418722556482 25.196179179574163 0.0 0.0 0.0 0.0 0.0 0.0 0.0 0.0 0.0 0.0 0.0 0.0 0.0 0.0 0.0 0.0 0.0 0.0 0.0 0.0 0.0 0.0 0.0 0.0 0.0 0.0 0.0 0.0 0.0 0.0 
13.053954343263571 -22.05057837862444 6.8660689819573015 21.4530260900364 28.76885956971553 14.857834619202993 -8.446073866930167 8.713041030436262 -0.16922248226649264 -4.5624904208656485 3.0482129207313498 1.7011342284659687 3.4160779912865364 -5.671892461797609 4.673659547868416 -0.16755332732152417 -3.1148847465973937 -0.6025972811878717 -1.6463617401271247 -4.217358252436852 25.631567768527905 0.0 0.0 0.0 0.0 0.0 0.0 0.0 0.0 0.0 0.0 0.0 0.0 0.0 0.0 0.0 0.0 0.0 0.0 0.0 0.0 0.0 0.0 0.0 0.0 0.0 0.0 0.0 0.0 0.0 
-4.12175591198471 8.492158303536074 -2.412288807195803 10.60878602926624 0.820705803264451 -0.05518726796712956 -5.767390565175618 -12.823023355974476 -0.2028609195506535 6.897190701573052 4.525277811806819 1.5233337243792477 -11.016274591316543 1.9237794877232974 7.384619882228688 2.446036908179667 -5.736037229693921 4.295504559536763 -0.022884352904913665 -0.8175524129556393 -2.3806595656272447 26.348467842879998 0.0 0.0 0.0 0.0 0.0 0.0 0.0 0.0 0.0 0.0 0.0 0.0 0.0 0.0 0.0 0.0 0.0 0.0 0.0 0.0 0.0 0.0 0.0 0.0 0.0 0.0 0.0 0.0 
3.369838838138045 12.59556555758906 6.904108965974166 -20.8518192546686 3.3624989845626634 -12.432680851917143 2.9099342464224187 6.000506779924342 -11.077951998463979 4.036362186567447 5.877833111132631 2.7912270414973337 0.4068892879719688 2.4442704480025714 7.718305726755133 6.102560336133671 -4.035128276115951 -1.837715535618554 -3.407490656362469 0.6828758148563752 -2.141820711020441 3.462440929532534 21.132017177472513 0.0 0.0 0.0 0.0 0.0 0.0 0.0 0.0 0.0 0.0 0.0 0.0 0.0 0.0 0.0 0.0 0.0 0.0 0.0 0.0 0.0 0.0 0.0 0.0 0.0 0.0 0.0 
-10.679433691600172 -4.484394055084813 6.748443716834555 -1.3499661577349802 -0.16282519457771596 1.93922808530035 16.71614082803265 1.7909006075838936 -4.957708054203297 -7.394849586430208 7.436681591369568 -4.300278923807791 -0.10225046063373829 -3.2729561923867596 -1.1876857764301707 1.68052368526125 2.920868849667698 4.142588868238918 -1.9890101243176723 0.8699637411220982 -0.6389956326991735 -4.586432819790505 3.774251703217606 22.75269383185734 0.0 0.0 0.0 0.0 0.0 0.0 0.0 0.0 0.0 0.0 0.0 0.0 0.0 0.0 0.0 0.0 0.0 0.0 0.0 0.0 0.0 0.0 0.0 0.0 0.0 0.0 
-0.9527842458793329 -13.287301769425927 -0.43748375294525776 -0.5224358600147665 13.32564420672285 -12.071535083624962 14.441425786130916 7.589234513319701 -14.300201099552396 -6.970163426316596 10.982334396118791 11.346095887893808 0.5304098861879399 -10.987267395506208 6.4462867815754255 -4.214255813079942 -4.167133931137187 10.774154361537832 -1.3798704093351553 -2.0391612462275 3.5108916130191923 6.888055634912156 -3.415093719400478 1.8130001032531777 24.976633210586026 0.0 0.0 0.0 0.0 0.0 0.0 0.0 0.0 0.0 0.0 0.0 0.0 0.0 0.0 0.0 0.0 0.0 0.0 0.0 0.0 0.0 0.0 0.0 0.0 0.0 
-10.035283887416803 -19.879682454964996 14.415208951093586 10.867948801688437 10.292595777447321 -16.00204422140655 48.75469773303424 18.60535672901167 -33.482885196871685 -7.644152922187048 32.56404956621662 9.119572577177106 22.26870410591553 -19.477910629487198 -0.15997439709782335 -14.877774618669083 -9.958993076818233 -16.887104269180295 -0.21106802264564486 8.048793362404673 2.8413339914446363 12.144330784364325 4.3757201119275475 2.8446466737455096 0.13766108844427105 36.02146539491066 0.0 0.0 0.0 0.0 0.0 0.0 0.0 0.0 0.0 0.0 0.0 0.0 0.0 0.0 0.0 0.0 0.0 0.0 0.0 0.0 0.0 0.0 0.0 0.0 
-2.8286616106462144 -16.148636802968618 16.664988230651648 31.693569152838634 3.65841797244104 16.816712282146703 12.860506165571156 -11.978911722217651 8.095399831829671E-4 -2.0528682835256857 -4.563262098640737 -15.42532495365356 3.558426634126114 7.406212554138074 -10.5384991584331 -7.085813764377904 -7.412400992274147 0.031186325338571255 -6.188603534483385 6.099947825095043 -0.4192645468061504 0.5050731620441855 -0.8204743718399696 11.110174512242617 -6.5328774552663536 8.721506518164452 28.506681052098276 0.0 0.0 0.0 0.0 0.0 0.0 0.0 0.0 0.0 0.0 0.0 0.0 0.0 0.0 0.0 0.0 0.0 0.0 0.0 0.0 0.0 0.0 0.0 
9.684201927431147 1.48224155942866 -14.978803262148615 -4.419079795489147 -1.726272875541251 -3.582693377706277 8.573205184903664 -0.16281557081164102 14.343682976820055 7.7285276724422465 -10.566427187416576 -11.424972506715498 -2.357917419270186 11.583966645356771 -3.87853968121348 13.641887752155432 3.357889564060748 5.058548904906776 0.4068340835087244 0.9728298091873872 -11.063740777837298 3.9652330534951212 -0.7667047881885545 -1.442760183907006 -2.9150942861599938 0.18624420642146364 4.27309699050042 22.940834061092 0.0 0.0 0.0 0.0 0.0 0.0 0.0 0.0 0.0 0.0 0.0 0.0 0.0 0.0 0.0 0.0 0.0 0.0 0.0 0.0 0.0 0.0 
-3.3181948848584977 -13.147851619371421 -5.677128005774945 5.922193417573017 9.817629856630274 -2.9428184847232823 -1.8621566900361621 3.118101199554414 -0.7940622831784069 6.976412601077432 -11.315804807585895 1.468793646935542 4.855738985877925 -1.5460028864377162 5.308512235793413 -4.485919215170761 -3.3046849347672933 -1.8307230773726648 2.7335253823273833 -0.38848588392738237 -4.174874578745999 3.123800846919853 1.2778590775867558 -1.9046971921205371 0.14830086623968933 6.20494033474888 3.1222138746363743 2.9350588000848656 22.54989395389379 0.0 0.0 0.0 0.0 0.0 0.0 0.0 0.0 0.0 0.0 0.0 0.0 0.0 0.0 0.0 0.0 0.0 0.0 0.0 0.0 0.0 
0.8282330918615228 8.436456356694938 5.307539768686057 -1.0594829656536164 -6.006392693051454 3.3060169568229587 5.662900818254547 -12.750881767249833 5.6427240660988 -5.314692729641365 -14.020938884935997 -10.527928330089953 5.105757682322189 3.2569769914123787 0.5544967311133838 -1.8737683738321136 -5.584165300879975 -4.774309972356517 -1.155604104978193 5.08091633157449 2.835795145960115 2.4394117909650186 1.3358610704077643 -4.1010567405166976 -6.916358281401942 2.934396841557044 2.686276744467918 -6.536204670774027 9.693040547153513 23.361008417048705 0.0 0.0 0.0 0.0 0.0 0.0 0.0 0.0 0.0 0.0 0.0 0.0 0.0 0.0 0.0 0.0 0.0 0.0 0.0 0.0 
-18.60931417212998 13.396015713236574 -18.912312566087135 19.697133178046908 27.925944205115673 39.42372892991703 -59.414423799338756 -34.65339187491354 21.33346687756737 -11.23571341851791 -10.465303130268895 -12.262493443712174 -18.42804891324288 0.6165280156537871 5.876861656308918 -12.532522385692566 10.133192890286033 27.688500026102695 3.7846358034384378 -23.46095094025249 -0.7263623723198145 -8.813717932326284 -2.71567680622597 -5.71130044550724 0.2324286957397762 -31.601903247463923 -7.430107967309382 -14.092403932508597 4.803687014502439 8.523426735798257 38.48296819033495 0.0 0.0 0.0 0.0 0.0 0.0 0.0 0.0 0.0 0.0 0.0 0.0 0.0 0.0 0.0 0.0 0.0 0.0 0.0 
5.534854481653451 19.46359984386365 4.515954673281036 -5.2643443034718835 -6.512913110861562 0.15235833909468238 -24.372415718482316 1.9956573013588095 -1.2412577446943112 6.052585320340302 8.015773119864072 5.447766285233339 -11.50218042554696 8.280370513880394 9.3559707986 5.013828681599834 2.1359163055814565 0.21187803276284556 -1.7402774196672495 -6.712319377575124 -0.6800273928823022 6.273094810454705 5.4422521888947175 -1.4700099660912649 -1.6735666058749632 -3.917467623588797 -6.912970520774156 -0.5543607560264324 -3.481995566950453 -5.923357470072185 0.24661978308163798 22.4356466901402 0.0 0.0 0.0 0.0 0.0 0.0 0.0 0.0 0.0 0.0 0.0 0.0 0.0 0.0 0.0 0.0 0.0 0.0 
4.984711288967642 -15.722457859673213 -0.07432697844114304 1.661433526771007 15.469712044173418 5.593758044484925 13.956547249998572 11.440961259864734 4.183676154984818 -13.31209492745942 6.570970953156553 -4.854043540341366 3.944258925799146 -2.5591292992329255 2.823591083562424 2.453180663691512 -5.200101343986958 3.3839366192876086 -4.929577903011663 -1.1444536421107852 0.9664762843511107 -0.09324556067852084 -3.289364229258754 -1.074950153296737 2.6650130928808964 0.17333442600639176 -1.6223824680221772 3.2934773698385333 1.748743387047956 3.058510448176538 -0.12048860024211688 3.9805329267593863 19.993209584143163 0.0 0.0 0.0 0.0 0.0 0.0 0.0 0.0 0.0 0.0 0.0 0.0 0.0 0.0 0.0 0.0 0.0 
-21.725621250194482 27.437939524534148 -5.534522487809881 3.61073467987285 -17.35921449149848 -9.90419705585958 -15.438270047860993 -25.921392980405948 15.805588018281997 7.2343059251198545 -21.941064609824313 -12.645834318318599 -0.58194582888288 11.449019430516207 -10.225700911031883 -1.4920635131530056 -4.641295119293527 14.090920545855369 6.101067171062363 8.26942438759847 -0.8205580380425022 -2.942166485384672 -5.2912009341672706 0.5626214084264124 -1.8650619719893822 -1.6870564740764238 6.748126217391643 3.230695541066601 -0.29065579285187665 -3.3487709165776374 2.254793497188705 -0.11081619095804068 -3.0614463610030143 24.72386069433272 0.0 0.0 0.0 0.0 0.0 0.0 0.0 0.0 0.0 0.0 0.0 0.0 0.0 0.0 0.0 0.0 
16.491317048250668 17.394519045024637 3.200250419216075 -16.305597470115465 -12.99060316346949 -6.59008855200014 -11.9413288030163 1.2109833044558027 7.298951363130363 12.372346487530578 -4.212092007206107 -5.943611626114505 1.2065000745118928 -0.009868013086766443 -1.3866932492521211 6.661067345267063 -0.4794439918701522 -2.976174651870257 3.689015018635958 -1.0443202772950646 1.7251989647848414 -9.710475052667643 3.607526553090267 -1.5097819174120017 -6.646383015863267 -4.593549672568173 -4.933788070413088 -2.43014330284255 -4.331122140160784 -0.5092459448485456 -3.3950874071821215 1.3252613310816104 -2.482979405160988 0.15409456257030024 20.163200743699374 0.0 0.0 0.0 0.0 0.0 0.0 0.0 0.0 0.0 0.0 0.0 0.0 0.0 0.0 0.0 
-13.245492393001422 -0.7841878540955538 -5.562068023689411 -3.537815421210515 5.568924542207924 10.176966590341795 -1.617446776123176 -3.7169025091537304 4.42133377475265 -9.148008294123013 5.762057005123387 4.734742548124958 -0.5009700651278838 2.6499166928184352 -1.7444928837110278 -6.579238035178462 -1.6526449696904166 2.8830027852846114 2.500016726744799 2.0488105829185836 -3.4095701172085713 0.21771007861433295 -1.7834358946043234 0.4067989930613427 1.0297997085734631 -2.16729512400126 -6.099918786857144 -7.090311627709696 -2.2281972363801095 1.2506490488181567 6.278125677509047 1.1769037617875762 1.1596281630434204 -3.0080490434949865 -0.7658637672675784 18.560308035541173 0.0 0.0 0.0 0.0 0.0 0.0 0.0 0.0 0.0 0.0 0.0 0.0 0.0 0.0 
-8.697162557238814 3.7412691110084277 2.1638982162952867 -2.5018117341375214 -5.117250330588782 -9.135071456724846 10.747328557970077 7.1556501968150625 -13.001733143176398 4.3698232319469845 22.94773380623927 8.116680921421322 0.7511858545473254 -4.35949248549891 -1.66976106960162 -5.08725311010879 0.031147336232148257 0.18618607475347354 4.402631524282978 -3.6695956449149287 1.4368490501074653 -2.3293050346775748 -0.939451725538697 -0.29392772810007783 4.62305111324589 3.5591287288125035 -5.181976912184184 -4.0558509033470695 -7.47920791359095 -6.0480204375937 6.156657874726227 -0.07367555753489224 -0.9050405243880562 1.4369613394919485 1.6811711194653405 1.2741149736259867 18.15997817570646 0.0 0.0 0.0 0.0 0.0 0.0 0.0 0.0 0.0 0.0 0.0 0.0 0.0 
15.475138550672321 -4.89093671635869 -2.2984104455822956 8.30212939580404 8.78776469805322 2.0589298888515257 -16.146490646484246 -13.049512741029805 19.383304233579093 9.886468746655616 -22.226121298226538 -19.772689881553283 4.451245384255721 13.207990363628255 -3.8712319114311216 7.054066145313457 -8.155225416893872 8.542760866846502 0.7292167879082635 4.1909602957515135 2.1558706069156734 -1.2799131325637843 2.5520174042077697 -1.8550955481949223 -0.9413312591030828 -6.238650844419945 5.340607087256203 0.7219173338061992 2.295064488704655 1.2623704870344605 -5.085460171676362 -0.2023200843487615 1.2424681746171606 3.2471552091247218 1.4906907877094384 0.29612249940346347 -3.467484087988024 19.44138206329484 0.0 0.0 0.0 0.0 0.0 0.0 0.0 0.0 0.0 0.0 0.0 0.0 
-13.153625482250071 17.929995290638967 -1.2588960331980399 -6.182137588246137 -8.68416213650336 -1.6167760091205148 7.12728966703908 -13.18689855932046 5.763148759140005 -3.5293452238630043 4.842583456976561 -3.73041119523233 -3.2559700795324678 7.949074246485242 -1.073894609132153 6.476882139867621 0.5592115564663278 7.638198204057479 1.9561840843495724 7.7940671002134145 -6.412777555869792 8.95083548489627 -0.07411996724089025 3.616943056216902 -2.709296739911079 4.086958288537082 2.738313916345343 3.426321161582122 -4.560448415450119 -3.617121920531345 3.1545360437536543 0.6081180446729092 -1.9266904841235317 7.651941385676452 -5.886323447513103 0.5728781298217329 0.04987367483311577 -1.5207223573142266 19.761689647741488 0.0 0.0 0.0 0.0 0.0 0.0 0.0 0.0 0.0 0.0 0.0 
6.522492987630722 3.7579220471049024 -3.2132192258341403 -1.9623995888749117 -9.53500779113367 -9.836191128435127 7.141355036512552 0.7022578088995323 4.55440412964181 4.0644443856514005 -4.839708634178694 -7.43865715825027 2.2224931926656573 -1.109477828250233 -3.1602824952489583 2.8566487210548193 5.892258463683666 -1.608046677047162 1.8047864639177529 3.659367279564678 6.576866398935669 -8.373503859561664 -2.142709974155902 1.2143136146437103 0.4541661436107519 -0.5419583768110898 -1.9081632733002236 -1.051853492690851 -3.061844676003796 -1.5798265557426543 -5.017337696195465 0.04694761778414051 -0.11989185002010823 4.0075039512592605 2.692802406335114 -2.25260134160368 1.6196360999304513 -0.3879751864440135 -2.307853677234353 21.11890856652343 0.0 0.0 0.0 0.0 0.0 0.0 0.0 0.0 0.0 0.0 
-25.444097950268368 -4.985998988188305 9.456245466610286 32.88910448503375 6.718720541277792 7.030835141933169 19.242970998254204 -9.054843547745866 -9.786612243554208 -6.289783709127273 17.398006265516628 4.815761179399067 -0.10673542701368642 -4.086249408178225 -14.066613086106152 -10.188695538238981 -6.960449081822848 -0.071532493906905 -4.1841030285206235 3.095941250707612 -2.2385582265108828 6.274284791410996 -2.073838034147877 11.484884635322393 0.20995030853516083 8.441432168669023 9.804958809728946 -0.44741165968598046 -2.749702765675848 -3.128033728030855 -0.8480871982634343 -4.351273814433908 -1.204104963905698 2.1174604429472037 -5.281467188433005 2.9646149692025565 0.9155175426324024 2.25396384286397 2.50722612644465 -3.8255033169311927 19.357744272412834 0.0 0.0 0.0 0.0 0.0 0.0 0.0 0.0 0.0 
14.61372660221271 23.26928542262043 4.462420632590373 -12.681246618881302 -26.585643007065574 8.07398740225005 -6.169843126438824 -18.1726833261643 25.577373955196173 13.258449959974866 -23.91716864026894 -14.78886745086315 -6.721437961349088 23.538891513535358 -0.6097598647088665 20.640967877523902 7.386861637381708 -3.1341501106241894 2.435069017733604 0.8266384746772558 -4.028482370943643 -4.741691438785881 -4.134236992770102 2.1930089680737077 -7.635986410865562 -11.554113520696578 2.234047412251962 2.102404497533968 -6.596966769618891 0.45909826624791084 -4.290662888468142 2.614513169152504 2.5681158640511437 1.9470939499834838 -0.5363563964651933 1.5408652896599977 -0.8182653087309045 -0.4267565295253007 3.0280378418600438 3.917454801392286 0.9904671938425584 19.367824969456407 0.0 0.0 0.0 0.0 0.0 0.0 0.0 0.0 
4.019567567174683 4.386689773946113 9.512409167731219 13.816287772376231 -5.1255871890190035 -3.7049722480816247 1.1476224598264648 -13.363994112419709 -0.7939508940951713 -11.215669862993945 -12.830539885685061 -7.518677415050566 6.873445678330368 -3.5793660008733155 12.963273734295676 -3.130757536665209 -1.6532091693144364 -0.32764441177692216 -1.8563035255537519 -1.8852657137634925 -0.7212384615538865 3.9719318573081215 -2.695889384885894 -0.2669131528321821 0.9984635626534474 -0.9692355132151451 0.09774047697272249 1.727886160519968 7.136346831732432 3.679833836971326 -7.653297589319626 0.7344205404303965 1.0367999096267204 -2.0899670103454913 -0.5162054348154442 -4.715640477326298 -5.062359647035117 0.4868097756726575 -1.4772101042950345 0.7164292377082621 0.2838932086603638 -1.5225404035845627 19.834298225863925 0.0 0.0 0.0 0.0 0.0 0.0 0.0 
5.316364844327735 -2.9520066186760414 -4.186441255972669 -16.042278122805744 5.682907157676377 3.7108110188618038 -12.877561552415385 4.696661455313987 10.530641729733539 0.8754012147655844 -8.317666288441561 1.279845591722012 1.0535264440864096 7.926010103637573 0.7706057421772814 -1.961873916644499 -3.291018517264745 2.2305101193458605 -2.981931840921583 -0.5741101742512713 -1.0582224689615543 -6.041937115123134 -0.09512480280782933 -2.710294796940315 -0.16611768113737885 -2.4943757856875983 1.2263345032895743 0.11483974303262355 0.6613599691920348 2.3956337056382444 -1.7717123083835327 -1.7498324085471453 2.364116423010061 -1.7505802118668619 2.5267393519261385 2.549496471150902 -3.5289244587317077 1.5442660622738995 -1.5512911490152024 2.491630072570005 -2.37905118666933 -1.9391169731109013 -1.3285446982953788 17.543559530933013 0.0 0.0 0.0 0.0 0.0 0.0 
-3.52126366461297 27.22102041000502 5.695299424031375 5.819264323057103 -26.015754631896574 3.3973958373113775 -29.209507102170758 -18.74495598019434 11.787051092826951 16.8346229029979 -9.962512331863435 -3.980017674865043 -9.641189486760421 16.416477477545424 2.139494526829594 1.2249122877890417 -3.3931180630821385 1.1732341067144059 -0.20466951084048363 -6.971846473481388 -2.161992885149368 3.797098195366949 1.7304528864321975 6.657509062992509 7.0358878753229215 -2.8367327680533454 -1.704693808411521 -5.572407059626572 -1.2658184061851825 1.5333040798284763 1.4018293613431412 3.988468706166528 2.619307521027877 3.094685891918789 0.31209180841262835 2.306146437861258 2.3805145115359987 3.955662973069489 1.186824934161581 -1.7518250600210548 2.8605495101895477 2.6690410501750836 0.9625294794265725 -2.7315833190115772 23.313359345194502 0.0 0.0 0.0 0.0 0.0 
-6.115718928345772 -0.08508463663945044 16.303527897793582 -2.925084299739451 4.495567181492701 0.7992982726356799 -0.889112332850474 -2.1965713983277015 -6.149861422796902 -19.457277514394224 -7.4626555288071454 5.552656813695203 -3.1551025389035328 0.4676198306413346 2.049249776318035 3.6515646744008388 -9.768621496474546 2.0410433581068927 -2.5501628057362997 2.671747708191685 1.0255189859830736 -1.422337056426206 4.314660922076433 10.040590531400765 2.3133104928549386 -3.9876541512316903 -1.3982802666652026 -6.666857431092067 5.46278901445224 4.087106329431266 -1.9007225631866151 0.3060942927723799 1.6246031671455485 -0.8729703353587493 -0.9922749628171635 2.342111594399182 -3.938660997149865 1.6341007686072362 0.6592955279696691 -0.4568668833416541 4.782897726265973 -0.937295695283625 4.332746371447199 -0.21213424648803247 2.4571513392869675 21.52307044851536 0.0 0.0 0.0 0.0 
-11.21553446630131 -0.1255131537006148 10.622349883500583 5.645959099368097 -0.5097365130644077 1.8494681674255324 17.145190698594707 -0.39107985102737874 2.449488367735054 -9.346516144977791 1.5520004485843641 1.4765154339351605 -3.240964814371925 8.018764059218189 -6.312539515461787 -2.6538277409787874 -5.439904746639525 -5.022296375823169 -4.362426405945859 3.2013058008964386 -0.3086432766615076 5.219386002759389 -1.00968330695144 5.577431762543134 4.084174794793063 6.474979881801293 3.817252017455806 3.164924550846678 -5.754237608450862 -4.122854858321418 -0.2330596224879283 -1.877082791377213 -3.102580886589937 0.09458327391164051 -2.6315365137619318 2.236971857848592 -0.14801583122166137 -1.9691313430861914 2.725081259611786 -2.7188223327456917 2.026311598520308 -0.9124133863392653 -0.8073805400140712 1.8688874331827574 -0.4119886287047247 -2.5666271789931097 17.927670093571972 0.0 0.0 0.0 
-2.0826975852004446 -0.4012426988506911 0.8494296146475526 10.13606135575386 4.70517433974528 -5.079501566379973 -10.322859689485016 6.777529312183329 -4.575863713920921 -8.291080239337916 2.424886140238015 3.8687224927524784 -2.5285606002614704 -0.3596808774872774 7.1541083046031115 -0.7194836247194754 0.17710637354130013 -0.5813934682147998 1.3339323052988126 -1.0587703333785465 0.5679497204939358 0.038194160655504204 -0.9967949726139501 -1.7934656549066035 -1.8328741266665212 2.8532183684467416 -5.955971039187943 2.8638449564432835 -2.06889829490701 -2.8071745067187424 -1.2320964500566047 1.7522081410381476 -0.7704013881771877 -1.7391267581592809 2.1822098002451065 0.8721004895406187 1.1113076591656064 -0.6959838794201362 1.0679350295535983 -0.48303787355165145 1.6326142482661312 -4.159825035619904 4.6969470217260305 2.1119825298646804 -0.9042497148321852 3.280889419741754 2.032490853037129 19.055066289307987 0.0 0.0 
-5.743227561621593 11.481492685367021 -7.868732663724391 1.3751827276807018 -19.831164499365947 -7.299688351082196 2.724479567129146 -0.9621415284423066 -4.4498454558927705 14.08076049504183 9.237698639632764 7.857782022532098 -1.6458902853679422 -3.044824787350791 -4.185699141759967 -1.4730333423254067 1.9385544664542154 -4.022858309379615 2.5092788664033665 2.2972072416309546 -4.285608853800349 3.2430793311039254 0.6642479972493875 5.499589501594875 4.352180066370373 4.213881330679214 -1.3378801247562397 0.8031227324243568 -0.2561114824733475 0.1555304830438307 -2.541620107710311 0.9154383041392333 -2.049843808664545 0.473850110919349 1.7229245991703503 0.31592921371778665 -0.2648896355453969 -0.2277676468906276 0.8256760462959902 -2.42738913388984 1.5625153143014259 0.7287100411950019 -1.0067636875335602 -2.6770448980224555 5.987260119333031 -2.6981121182823524 -0.5380017224622603 -1.2169910062107134 17.44585417325717 0.0 
-13.118755359467645 0.6896328884296854 -0.41987981812185293 7.940774668125094 -5.307350848805191 -9.52200748691502 8.317286396118039 -1.813036206254053 -12.331572312608381 8.678660425692513 8.045237266053824 0.027638409151061735 6.834386420828648 1.3139001629451914 6.6734504315963825 -1.4800105473378993 -0.5245008243061948 2.1472464099905038 4.364262094009508 -3.636724365821433 -1.1313125817129082 5.6345237636103676 1.8097994507950248 -2.1103950000218576 -1.7492881093047834 9.445845556241665 2.2497946650970855 1.739106222656601 3.9747213136112785 -1.95157321036561 2.9490340159523956 3.286466676906504 0.7807968484093564 5.120177943055533 -3.285527143656834 -3.8307240318973736 6.2858845490402215 -0.23521472800413012 3.721402922310434 -3.661423933639595 -0.4188611982237698 0.5398729410277046 0.9207181104996076 -4.609908383072494 3.4219493152645573 -2.542105509168188 -2.275981737208482 1.5577440580536157 -1.3452007495313543 17.103987221943065 
