0.03319843011779765 0.3973428788625591 -0.07991747088118797 0.022652278757806166 0.059534530112101074 0.09719123398719004 -0.6403040693006249 -0.527128253328473 -0.024784310816819442 0.2732800891111448 0.01636090531739199 0.2019911013364443 9.923562615264069E-4 0.24219217820129696 0.24194712855395906 -0.14550967211167246 -0.22516020363023395 0.12823189132471502 -0.09140062156178619 -0.19699641384737474 0.5240188868271879 0.21493027154744934 0.0652528200324695 0.3014391944498655 0.15290348785841426 -0.8026144258040493 -0.7944069587271363 -0.17698245668010743 -0.08420529873302442 -0.22426078075100433 2.3986063375524087 -0.3738551438134237 0.11175660388827148 -0.590505694250257 -0.1129599084280164 0.21738274886441805 0.1306221905512164 0.02195272444706815 -0.3306799176325948 -0.1289521957616612 0.39712389382306884 0.018217456409881136 -0.15430454156419865 0.035767035239806365 -0.13815456318194544 0.07877134204486479 -0.018441837072118047 -0.06533515836209514 -0.20909347339404424 0.1478195373969669 
166.32917785427526 0.0 0.0 0.0 0.0 0.0 0.0 0.0 0.0 0.0 0.0 0.0 0.0 0.0 0.0 0.0 0.0 0.0 0.0 0.0 0.0 0.0 0.0 0.0 0.0 0.0 0.0 0.0 0.0 0.0 0.0 0.0 0.0 0.0 0.0 0.0 0.0 0.0 0.0 0.0 0.0 0.0 0.0 0.0 0.0 0.0 0.0 0.0 0.0 0.0 
-31.125452993067 147.02351056538438 0.0 0.0 0.0 0.0 0.0 0.0 0.0 0.0 0.0 0.0 0.0 0.0 0.0 0.0 0.0 0.0 0.0 0.0 0.0 0.0 0.0 0.0 0.0 0.0 0.0 0.0 0.0 0.0 0.0 0.0 0.0 0.0 0.0 0.0 0.0 0.0 0.0 0.0 0.0 0.0 0.0 0.0 0.0 0.0 0.0 0.0 0.0 0.0 
64.14243345366084 -75.76689060619097 190.33721173310425 0.0 0.0 0.0 0.0 0.0 0.0 0.0 0.0 0.0 0.0 0.0 0.0 0.0 0.0 0.0 0.0 0.0 0.0 0.0 0.0 0.0 0.0 0.0 0.0 0.0 0.0 0.0 0.0 0.0 0.0 0.0 0.0 0.0 0.0 0.0 0.0 0.0 0.0 0.0 0.0 0.0 0.0 0.0 0.0 0.0 0.0 0.0 
35.95670126365915 -18.705879403798114 66.06928661491875 138.15955179463245 0.0 0.0 0.0 0.0 0.0 0.0 0.0 0.0 0.0 0.0 0.0 0.0 0.0 0.0 0.0 0.0 0.0 0.0 0.0 0.0 0.0 0.0 0.0 0.0 0.0 0.0 0.0 0.0 0.0 0.0 0.0 0.0 0.0 0.0 0.0 0.0 0.0 0.0 0.0 0.0 0.0 0.0 0.0 0.0 0.0 0.0 
13.538442739673405 40.73754267640255 -19.5820957788284 -20.73321979288697 138.4502420943531 0.0 0.0 0.0 0.0 0.0 0.0 0.0 0.0 0.0 0.0 0.0 0.0 0.0 0.0 0.0 0.0 0.0 0.0 0.0 0.0 0.0 0.0 0.0 0.0 0.0 0.0 0.0 0.0 0.0 0.0 0.0 0.0 0.0 0.0 0.0 0.0 0.0 0.0 0.0 0.0 0.0 0.0 0.0 0.0 0.0 
-13.668659096814183 -3.0537282812035857 -41.16826957378377 -0.8940880404287536 9.782288212814818 138.38045495386783 0.0 0.0 0.0 0.0 0.0 0.0 0.0 0.0 0.0 0.0 0.0 0.0 0.0 0.0 0.0 0.0 0.0 0.0 0.0 0.0 0.0 0.0 0.0 0.0 0.0 0.0 0.0 0.0 0.0 0.0 0.0 0.0 0.0 0.0 0.0 0.0 0.0 0.0 0.0 0.0 0.0 0.0 0.0 0.0 
9.577954442470476 -6.766357759414128 -46.53495504569151 -8.678653379060899 33.20669727667259 29.376360563010504 144.4995470844403 0.0 0.0 0.0 0.0 0.0 0.0 0.0 0.0 0.0 0.0 0.0 0.0 0.0 0.0 0.0 0.0 0.0 0.0 0.0 0.0 0.0 0.0 0.0 0.0 0.0 0.0 0.0 0.0 0.0 0.0 0.0 0.0 0.0 0.0 0.0 0.0 0.0 0.0 0.0 0.0 0.0 0.0 0.0 
-6.998873472152172 19.91205538640045 -1.6157138008231844 -14.099267656667292 1.8438992652948991 -9.563741351088849 -8.529330698683804 159.77459109995624 0.0 0.0 0.0 0.0 0.0 0.0 0.0 0.0 0.0 0.0 0.0 0.0 0.0 0.0 0.0 0.0 0.0 0.0 0.0 0.0 0.0 0.0 0.0 0.0 0.0 0.0 0.0 0.0 0.0 0.0 0.0 0.0 0.0 0.0 0.0 0.0 0.0 0.0 0.0 0.0 0.0 0.0 
23.27507992980103 -14.549779406649717 73.81647623112329 40.99354555448845 -14.380651974877603 -19.93489586403788 -0.8297490484159329 -18.393918519469374 139.7798311109601 0.0 0.0 0.0 0.0 0.0 0.0 0.0 0.0 0.0 0.0 0.0 0.0 0.0 0.0 0.0 0.0 0.0 0.0 0.0 0.0 0.0 0.0 0.0 0.0 0.0 0.0 0.0 0.0 0.0 0.0 0.0 0.0 0.0 0.0 0.0 0.0 0.0 0.0 0.0 0.0 0.0 
-53.23055144242069 -26.265666431964814 -39.03187716356748 20.47655099107399 -14.424832623879324 31.174829588951354 11.433081468680973 -7.29705381923461 -8.247684425447554 167.68796803267762 0.0 0.0 0.0 0.0 0.0 0.0 0.0 0.0 0.0 0.0 0.0 0.0 0.0 0.0 0.0 0.0 0.0 0.0 0.0 0.0 0.0 0.0 0.0 0.0 0.0 0.0 0.0 0.0 0.0 0.0 0.0 0.0 0.0 0.0 0.0 0.0 0.0 0.0 0.0 0.0 
-20.29768541922582 -54.74947933505565 -2.275754662278461 27.913633764731518 -17.93961075580202 11.38900464079948 1.0161444446450938 20.643131879833348 18.30019417217023 11.960383718398639 138.76873561980804 0.0 0.0 0.0 0.0 0.0 0.0 0.0 0.0 0.0 0.0 0.0 0.0 0.0 0.0 0.0 0.0 0.0 0.0 0.0 0.0 0.0 0.0 0.0 0.0 0.0 0.0 0.0 0.0 0.0 0.0 0.0 0.0 0.0 0.0 0.0 0.0 0.0 0.0 0.0 
-9.949976298078466 -7.780578183130499 -16.163945749049493 -3.7018271209045324 18.30628366880641 38.01095139778921 -6.831149212687083 -15.74153790396207 -6.016811799366697 -0.9718165473342669 6.319235855295009 124.97516856361732 0.0 0.0 0.0 0.0 0.0 0.0 0.0 0.0 0.0 0.0 0.0 0.0 0.0 0.0 0.0 0.0 0.0 0.0 0.0 0.0 0.0 0.0 0.0 0.0 0.0 0.0 0.0 0.0 0.0 0.0 0.0 0.0 0.0 0.0 0.0 0.0 0.0 0.0 
9.507702281190683 12.907296723645901 -11.93669227247161 -21.25597869618763 3.9467648646594125 -17.318453188685375 18.347198420574003 7.751562824580654 9.819655794107101 0.1351308643647877 24.139532115525604 -24.285577522271545 117.34886971655422 0.0 0.0 0.0 0.0 0.0 0.0 0.0 0.0 0.0 0.0 0.0 0.0 0.0 0.0 0.0 0.0 0.0 0.0 0.0 0.0 0.0 0.0 0.0 0.0 0.0 0.0 0.0 0.0 0.0 0.0 0.0 0.0 0.0 0.0 0.0 0.0 0.0 
-28.88857802783435 -15.56354265462402 1.3676011758132869 28.9590971895744 -11.169029445137491 27.084771125375408 14.899670814191865 24.862203718206214 -21.691785014578887 39.750592837588826 -7.705398558579183 -22.40958834780832 -29.054614609969427 114.61653026889148 0.0 0.0 0.0 0.0 0.0 0.0 0.0 0.0 0.0 0.0 0.0 0.0 0.0 0.0 0.0 0.0 0.0 0.0 0.0 0.0 0.0 0.0 0.0 0.0 0.0 0.0 0.0 0.0 0.0 0.0 0.0 0.0 0.0 0.0 0.0 0.0 
-26.606687119851475 26.033223261776943 10.385173899659835 -3.2998619456548877 35.32371700153632 6.869847048632458 -55.602934554363024 -10.715686269969689 8.578494371717026 43.22751623467689 -83.90042505436726 28.66945095277662 -5.079758766897321 0.6113857782959647 138.78710269372908 0.0 0.0 0.0 0.0 0.0 0.0 0.0 0.0 0.0 0.0 0.0 0.0 0.0 0.0 0.0 0.0 0.0 0.0 0.0 0.0 0.0 0.0 0.0 0.0 0.0 0.0 0.0 0.0 0.0 0.0 0.0 0.0 0.0 0.0 0.0 
57.85507710940366 -30.15420397368613 32.85418273904373 23.105403433467885 -5.660733891876814 -17.2913730879557 17.7987616434902 0.4765024866402209 -18.748007469053675 -16.968544544509733 45.437056892235134 -19.476896211787633 7.360259552982023 -12.481837266091395 -13.165877911620084 94.96857265241714 0.0 0.0 0.0 0.0 0.0 0.0 0.0 0.0 0.0 0.0 0.0 0.0 0.0 0.0 0.0 0.0 0.0 0.0 0.0 0.0 0.0 0.0 0.0 0.0 0.0 0.0 0.0 0.0 0.0 0.0 0.0 0.0 0.0 0.0 
-17.242139094269177 42.12773015422348 -71.08864157924683 -5.840329739502287 0.8824082723769806 18.95754271254769 -4.306871916967937 12.345726328391804 -3.2683917345502804 38.204752402942546 11.347648981682708 -9.330044317734739 -21.86258121395064 14.752079415697654 -33.67199098709043 33.966697072693684 125.69363575135458 0.0 0.0 0.0 0.0 0.0 0.0 0.0 0.0 0.0 0.0 0.0 0.0 0.0 0.0 0.0 0.0 0.0 0.0 0.0 0.0 0.0 0.0 0.0 0.0 0.0 0.0 0.0 0.0 0.0 0.0 0.0 0.0 0.0 
15.218557628718834 -15.098770772585258 -16.19073640288135 28.162092350541567 -32.12879575566005 -16.296512891469558 3.02880689152114 -7.979549634894411 -21.0505787203341 -3.157402849544203 54.42308955601683 -7.841284532695106 -18.083800544384633 24.62991694685969 -33.30991215614714 14.621351980587523 29.269522050857184 124.3839974564219 0.0 0.0 0.0 0.0 0.0 0.0 0.0 0.0 0.0 0.0 0.0 0.0 0.0 0.0 0.0 0.0 0.0 0.0 0.0 0.0 0.0 0.0 0.0 0.0 0.0 0.0 0.0 0.0 0.0 0.0 0.0 0.0 
10.67119643930517 -35.27954369673057 21.273114564604686 -21.8848056711635 24.823526179554037 -9.42363776287 20.986424997855327 -10.391571101811707 10.67553319003069 -18.23407815972466 -14.923005710272356 19.916012549672438 35.88540235284729 -37.218187650184895 -32.45141443870234 0.23505127882470173 -20.39498530223172 -36.25609110666404 112.81589116275092 0.0 0.0 0.0 0.0 0.0 0.0 0.0 0.0 0.0 0.0 0.0 0.0 0.0 0.0 0.0 0.0 0.0 0.0 0.0 0.0 0.0 0.0 0.0 0.0 0.0 0.0 0.0 0.0 0.0 0.0 0.0 
-16.84301713504846 42.76932303286353 -13.640890677282288 7.020343299990788 -10.809042185761836 -16.916692783536078 -29.112467080252358 -1.271879940786956 10.20614449158267 -24.293896643016698 2.8593453442250776 14.362084770003298 -24.57764936508428 -1.8007699168218976 16.52706421941861 -11.171016871506108 -0.43116476953049104 28.00883887506061 -8.458003752611619 134.52918290794494 0.0 0.0 0.0 0.0 0.0 0.0 0.0 0.0 0.0 0.0 0.0 0.0 0.0 0.0 0.0 0.0 0.0 0.0 0.0 0.0 0.0 0.0 0.0 0.0 0.0 0.0 0.0 0.0 0.0 0.0 
14.719830001839284 -13.797812146477659 18.180317398139753 8.783321574941905 -42.640874251717975 -48.14583239702908 -28.73691317516408 -23.138480638235986 24.742571481169286 7.51486880943986 -24.922879217611438 -3.186861327149907 -17.12568432339805 18.670881799027114 5.6264679318957445 -0.19192979709909838 -3.7596830282056133 30.20028307190929 -2.796716822429383 -8.590784244877284 126.58943169723587 0.0 0.0 0.0 0.0 0.0 0.0 0.0 0.0 0.0 0.0 0.0 0.0 0.0 0.0 0.0 0.0 0.0 0.0 0.0 0.0 0.0 0.0 0.0 0.0 0.0 0.0 0.0 0.0 0.0 
-44.75994794719265 9.993723261713258 -16.017045232129526 11.26690030617695 6.178095707738364 -14.299189315526311 -15.249084062849445 28.30669603124367 -19.984204101760415 34.92628266217787 -29.655592070399145 2.279447070021169 -31.276960011866834 22.54239903299134 -1.6111852087099061 2.712349819156144 -15.04710280732456 27.158144719161104 12.252516936811963 20.818181162463087 19.43997560709013 118.63143066911906 0.0 0.0 0.0 0.0 0.0 0.0 0.0 0.0 0.0 0.0 0.0 0.0 0.0 0.0 0.0 0.0 0.0 0.0 0.0 0.0 0.0 0.0 0.0 0.0 0.0 0.0 0.0 0.0 
-44.46095256248579 -24.45654523393782 26.803441447537956 -16.437480752974384 0.9561645003265565 47.33914509991827 2.202070669229273 22.837672948673486 15.718033972954196 5.3580942612756735 -54.80311311189863 17.86580213296299 16.89041416878046 7.232619399919912 84.40842956362192 -20.787748169132637 -14.8045212842643 -35.19645513785908 -20.86490931326583 33.04520653778083 7.9012002233915215 35.43849732611509 120.10294958470345 0.0 0.0 0.0 0.0 0.0 0.0 0.0 0.0 0.0 0.0 0.0 0.0 0.0 0.0 0.0 0.0 0.0 0.0 0.0 0.0 0.0 0.0 0.0 0.0 0.0 0.0 0.0 
-16.047325217784387 -14.023438038239302 17.642060447920873 25.04837972834914 -25.024241583834648 -3.8589961951678315 -27.314812384907658 20.19753024256183 -13.041979441123903 10.484991815679251 -21.062032458685657 -10.760140850952602 29.2132341450509 26.321257267826617 17.281421468331924 6.87956597281183 -10.205494418393174 13.523467144661861 26.726782161019663 38.22798000750054 -17.032594318438388 7.5685638719281325 25.394927996262865 123.39215368641189 0.0 0.0 0.0 0.0 0.0 0.0 0.0 0.0 0.0 0.0 0.0 0.0 0.0 0.0 0.0 0.0 0.0 0.0 0.0 0.0 0.0 0.0 0.0 0.0 0.0 0.0 
-23.140772072572346 13.209035617256623 -22.856449620339028 -29.971233423443156 21.837556793497455 16.381310732310194 30.69268514207852 -5.871092053207514 -21.53398821354485 26.075603105553025 -21.42590828772225 31.587848398959995 20.0459673876866 -15.795873734745497 2.9768125739517175 -11.47357649739668 -14.625470537513303 -3.873119136001816 -11.066803129707255 24.616459411625815 -26.15163144490914 46.26601093826597 -8.967663371697817 22.38355724832962 113.0619955051174 0.0 0.0 0.0 0.0 0.0 0.0 0.0 0.0 0.0 0.0 0.0 0.0 0.0 0.0 0.0 0.0 0.0 0.0 0.0 0.0 0.0 0.0 0.0 0.0 0.0 
-1.5745514572014447 -0.17493606821898033 -30.286335301308203 3.5317285472202733 -32.7143828685288 20.889821750163392 3.7921670831805563 -6.165716194166497 -2.455176187690099 35.11192023740012 3.905521620649246 -33.12547243502311 7.032660078736065 9.946926471908803 8.726818143986605 -12.040846644614877 14.471301098454017 -38.216242129346526 7.3213811464285845 -29.31612791094438 5.003356020120184 -16.92806685760282 21.484905792620967 -6.813669229624495 -12.318003495675086 124.76733309083978 0.0 0.0 0.0 0.0 0.0 0.0 0.0 0.0 0.0 0.0 0.0 0.0 0.0 0.0 0.0 0.0 0.0 0.0 0.0 0.0 0.0 0.0 0.0 0.0 
56.37915868113883 -35.5367957014625 61.562606135013 3.355625533559229 -17.71314799039313 -9.945837145719263 17.549519732022528 42.08856313157881 5.410316493080453 -51.90330974620056 22.330340816605506 1.8332763723490784 7.5413407281726945 -16.93736168836377 -27.858629994955272 9.573385113707316 -1.7570642131482848 22.268495656449268 22.85371615571161 10.242323465438217 9.3901139210778 7.947314413343183 -9.976227196285976 0.8557040134184097 -15.11324536331897 3.279921493468365 112.71281300860889 0.0 0.0 0.0 0.0 0.0 0.0 0.0 0.0 0.0 0.0 0.0 0.0 0.0 0.0 0.0 0.0 0.0 0.0 0.0 0.0 0.0 0.0 0.0 
26.76243398424678 13.333124812795935 -0.6105828046696177 -4.746392825042062 10.676153704389396 10.577987944336767 12.615163525156012 12.293532556195688 -18.151049173385488 -2.2392548609398877 -39.28175799600327 -53.15850936811138 -6.513160978818355 15.665111773663948 14.407194896904043 40.922850004845785 -31.025524981403223 0.142523686322985 -31.678876516924923 -19.74893723166024 -32.35100717137355 -11.628004271599533 29.588289735073268 -18.076170570204972 5.531253512634382 -3.535879012840717 -0.8108745140545325 95.83507135418353 0.0 0.0 0.0 0.0 0.0 0.0 0.0 0.0 0.0 0.0 0.0 0.0 0.0 0.0 0.0 0.0 0.0 0.0 0.0 0.0 0.0 0.0 
56.63569018913556 -31.907899550698044 32.60706536738306 6.599169413416394 5.4255256073955005 25.899844716832142 18.4628298159137 -6.877631703448066 4.505664523659978 11.202732693867585 -24.604230432921906 -14.950568953259243 6.5615944221903755 -17.365707886876432 -13.941816297375686 52.336339095035136 -24.099848486994183 2.212322549711708 -12.404016907837518 -22.686605078593978 -34.926254551435086 -11.495685117917889 -10.38582739103005 13.657131799781165 13.999832232224355 10.098522527399865 -15.172760052910265 32.09716175177665 109.12354152554433 0.0 0.0 0.0 0.0 0.0 0.0 0.0 0.0 0.0 0.0 0.0 0.0 0.0 0.0 0.0 0.0 0.0 0.0 0.0 0.0 0.0 
-12.085272908529161 -5.3686831204845715 -2.1321891764392973 1.87683186948405 -11.311776420158084 3.9231217463005255 6.455877719087277 -3.7563659094568287 14.162314643343567 -45.87475274151854 21.4238923519775 -12.571494355018665 -21.422438161186445 -9.661844846283763 -11.073361188603474 -5.807353106719725 9.283256645171406 5.522312572323596 13.548272125393817 35.24172806792664 -5.725265805953536 -0.36121296087866633 -11.747866570047233 1.6385189981763493 -5.827807903977509 -18.538315293604285 14.564327586818946 -12.304027516529775 16.39346348944418 111.48394072103113 0.0 0.0 0.0 0.0 0.0 0.0 0.0 0.0 0.0 0.0 0.0 0.0 0.0 0.0 0.0 0.0 0.0 0.0 0.0 0.0 
33.94265019429168 -34.383183622733135 29.673475849328444 15.45878928965398 -41.23304824206619 10.818287559239677 15.557884980816965 -18.981656780879806 25.64307261219841 13.949305120580478 38.13826615410672 -19.290302128146887 7.951954373730391 -9.111451727475705 -25.32386057619435 -0.9827374750240796 -16.789474005698196 -24.853556801824435 13.757193091211063 -32.95404613430455 17.0678678342154 3.026893821509129 32.36874770427125 28.051976578545183 19.27155830539919 -71.60692779179908 -6.194728472120221 5.163382133670774 26.812062020035178 -4.060293855446999 158.0945676075439 0.0 0.0 0.0 0.0 0.0 0.0 0.0 0.0 0.0 0.0 0.0 0.0 0.0 0.0 0.0 0.0 0.0 0.0 0.0 
9.480572080414618 -6.162074919806629 20.022633203514907 38.68593199809548 -7.371220190226906 -26.787378703673912 31.540285139504746 30.67620017027152 4.929680128605482 14.200811066119277 -11.86718435695784 -20.513427653516306 8.836043540344297 18.77017327682788 -0.7075301837153938 29.390948733291875 -15.850603316425872 41.187360493661444 -4.564713431112905 -52.739980745588156 18.68908879881926 30.99088548725062 9.379807283194088 39.14043642253754 -25.1793962941534 -1.9406437240717775 19.665272868158276 -50.052077131120605 1.0781976130298927 -11.550485202007717 -21.55178463378541 134.40191036585117 0.0 0.0 0.0 0.0 0.0 0.0 0.0 0.0 0.0 0.0 0.0 0.0 0.0 0.0 0.0 0.0 0.0 0.0 
-6.695379089912952 8.214324324208528 -2.571746356812926 6.467720060661969 -9.77167450603559 16.02929278944599 -18.527590780206665 10.480262951143457 -14.624031220583763 24.99180376413478 -13.117604047778627 -12.738083106922007 -11.39136683782274 2.3209564847909907 -3.073998037036165 -7.459321298486588 6.36027212477289 6.496011871456117 -14.6478803885334 -8.789859329164381 12.222039846093464 4.647463319109715 2.2051637427088164 20.89774298290814 -7.217371883109592 38.43517734950653 -13.703476453822896 26.841778418015423 -7.774523261308072 17.755665789648557 11.705973791812355 17.85640636623509 95.2481527881683 0.0 0.0 0.0 0.0 0.0 0.0 0.0 0.0 0.0 0.0 0.0 0.0 0.0 0.0 0.0 0.0 0.0 
-29.93159397791419 -9.897390056703657 -2.2372036391870926 -5.364811617397737 -4.3682896589488625 23.862155572405346 -35.512716550611145 38.37269907027989 -11.496615226127496 11.123865301174616 -22.69468839371812 13.448394871709315 19.838911072804503 -0.2970233803621494 6.264841846412053 9.514355763943001 -30.50682324584881 17.960201154573962 -3.789641818550912 -17.565079294431754 -33.03960688458091 -53.266383147658345 -2.9868545109205513 10.91944674650963 -7.848480364153493 27.96293312868953 0.3316272556523086 22.70032006949816 5.313823907666228 0.06809540652518238 17.392452207866015 4.8139170890444545 -9.814370068027513 115.59150577452071 0.0 0.0 0.0 0.0 0.0 0.0 0.0 0.0 0.0 0.0 0.0 0.0 0.0 0.0 0.0 0.0 
19.251846643776883 -1.7601957929396315 -19.403936624387512 -13.905986814312524 7.7839708497421976 34.76109554475115 13.651457626037029 26.566498236878754 -7.771954804743776 11.292795584789383 43.21181118120849 1.5485140962684387 19.613553891191646 -13.495530779291709 -7.355851221797945 9.51539751382844 8.557686284243562 11.689352669035179 3.4755015968781775 -38.42832913714409 -17.51856429119109 -16.416867473240885 -7.497530977919233 -12.619522615980893 -15.837888027513754 26.214119532898533 8.144835487972754 -24.311095254608084 1.4008753497877169 -6.722208946667467 15.154434548278848 -31.071589305617557 7.069410133113183 3.355886640428687 95.39095337492815 0.0 0.0 0.0 0.0 0.0 0.0 0.0 0.0 0.0 0.0 0.0 0.0 0.0 0.0 0.0 
24.163234800806578 11.297907666592282 -8.059193092175976 -7.805283079449151 -0.9309708101489542 -0.6171877640927106 20.617248235490933 -31.777465483811103 1.6018188331029504 5.38430453042306 -6.4455746786557935 -6.631770433316078 6.182889416152796 32.55668818523604 11.833666884344487 -8.593810187801479 20.95013413700369 18.255272439023223 11.115673353427148 -24.53302147213461 -4.01755552207046 7.099416437551944 -18.784230045242165 -27.982556408226323 -11.777649466904128 32.0565244505333 -14.242588537947018 6.950219703921636 32.914511341858855 -22.351775682336626 12.568653590791198 -13.500666591143947 13.366244860562569 -28.51924570455715 19.56531314556672 79.77068842290834 0.0 0.0 0.0 0.0 0.0 0.0 0.0 0.0 0.0 0.0 0.0 0.0 0.0 0.0 
4.69470656980862 6.921146565489746 18.04590716446167 -32.0220513508811 -30.856303655229418 3.693598659464651 5.956047730937821 40.63096196994668 16.849253475244765 12.39261317211433 13.240882283319431 -19.508239509318884 -4.574741298846052 20.49369161848704 41.01433115461348 3.1970484728646853 -25.178273321566103 -7.393090429950696 -28.770382976932076 -29.693040906794625 -4.363824149658639 -31.448112711387637 -10.835987777997723 -28.14660220012951 3.8572465558836138 31.200352355332733 10.863966466838487 34.337992627170344 -25.883044699404167 -39.308516459570285 48.99617016908539 -27.75221716103627 -31.266662641656268 -2.016500257277141 14.861965430270736 0.8453925531523633 77.29451813504963 0.0 0.0 0.0 0.0 0.0 0.0 0.0 0.0 0.0 0.0 0.0 0.0 0.0 
4.31527446254995 9.387114677287359 -31.76552645102008 -23.67720428324949 2.1387668813660907 -23.2381823733488 9.826787344776724 -56.357628892079624 8.343553347598142 -12.586073157645936 34.36884304544894 -18.66070674933151 -12.993039157914565 -16.943044408860157 -18.41170509788363 -14.086834622896475 21.99130872956472 25.89918349437284 29.199175188996712 -31.113397108411508 24.19638787958928 -9.8016357992224 -15.387565159134834 -35.83561350967129 32.13071603612753 -10.951585010496704 24.863097348014275 -28.307974020810043 9.379535695607824 11.39752166546629 -45.79646467635516 -14.516291094879982 32.526765563427006 -4.954935811791014 30.074564204138948 13.636644464888244 -4.136259020562132 81.84975655155581 0.0 0.0 0.0 0.0 0.0 0.0 0.0 0.0 0.0 0.0 0.0 0.0 
-16.529750151980632 11.794356445454163 13.456513430849672 -14.969042854690748 2.744463014418727 -30.322355473138312 -8.466476212537557 23.061144040413563 15.915339328370173 -37.34129229848804 41.33437314927391 30.18946938063334 -23.765917115620027 -27.61868645981843 -28.191709668745954 2.185522859248616 22.13819817639548 18.47036574200983 15.337372762215125 8.5410889066079 19.871289755426037 0.39815849222821115 -17.917579195993373 -24.18241264830764 -6.842910182943375 -7.963494315672972 0.2780141296459545 -10.512449043227218 2.28953335325846 -3.334991869131942 7.888969920991006 -38.56032927149223 10.107761969014945 8.606797078826341 -21.10173984815136 -20.459388002094837 -40.54995718381521 17.541077918329357 95.07091890416086 0.0 0.0 0.0 0.0 0.0 0.0 0.0 0.0 0.0 0.0 0.0 
30.5698918769543 12.023632005449342 -26.203473959696638 -18.220152549279952 -33.72128219364054 -29.397390617542897 13.718574467344652 4.8959205801745345 -17.545838659333185 -52.65589631179631 36.31193863116039 -15.05673836973627 20.515994160076698 -29.714150167340907 -31.008689716532974 -25.174605086404252 0.6379766288410912 -18.99209579484695 11.430113479087924 14.966636664373068 17.99653963385101 2.5251798770834677 10.872184212754856 5.001188006050239 27.09568859880572 -5.558283269933293 13.212556347411105 -7.571345145891801 32.98087572749435 -9.56280857505881 -9.891810219801526 -25.348089610950723 24.322176219476116 21.475702164821094 -2.0492063977866932 6.255386870156351 19.6101092692253 -14.441890130090002 19.67765433137851 72.6347775156699 0.0 0.0 0.0 0.0 0.0 0.0 0.0 0.0 0.0 0.0 
-10.538066579781844 -11.471150154369049 64.98043501506832 3.775791861273607 1.780526224617173 -19.78996233359009 -10.261223328734928 -38.18932921686311 3.1710971178668292 -5.3317397427555395 -11.471364551255549 28.895449165243903 35.774033081187895 -11.582023906627908 2.672460217103504 -33.42375725421525 -42.90244954698345 -14.293035255038767 -0.7825138453869472 2.621109390581678 16.69958413186646 24.176133775770868 0.8217606461818813 35.23082455023754 10.108492787838621 -4.898087329423588 -0.7662167546653091 44.508499754083516 3.1892828060952683 8.51120439554944 -21.89824255287704 -32.30913689616924 -11.845724866374573 7.867223491957075 -25.915907901872778 32.593391715103365 13.113751518205076 27.27367332422156 -3.077370675324947 0.6940975414825685 56.980345013621736 0.0 0.0 0.0 0.0 0.0 0.0 0.0 0.0 0.0 
-30.985848669400397 0.61445860038915 5.373716399814199 28.96805474774106 21.98459730678938 20.077409698039585 -1.1712743274945114 15.153715771927926 -47.99305860412924 28.11749957106813 -46.748203256444135 20.423198952131017 20.991499363099695 39.65747281685462 30.052059188769643 -3.6911539879607966 7.894244812732715 15.640729299555009 -14.911592749888587 -2.0036141314330727 -0.15291080982881824 51.756127749828586 -21.80440772715219 19.461453734893016 -6.734529828520856 -35.379007727679074 22.973540392719517 17.37056300849951 -12.513403485629564 16.18421063448561 -23.95162803671821 15.63175852329769 29.595014768439775 11.341026669052265 19.01621336526364 32.142986608458806 2.2649084894282288 1.1714189403541284 7.418370109074592 26.65569975710713 5.302136700534481 67.09284272774136 0.0 0.0 0.0 0.0 0.0 0.0 0.0 0.0 
40.43463950817211 3.2770908116823176 1.9207069946295634 -31.301644042099554 0.31214729584707923 -17.63276814203421 25.830061481024554 -41.30649291351274 12.194395586112217 -39.68133559450783 18.71141398956249 4.885174997374309 26.45343380072985 -13.25215289780753 9.605361887140322 -5.7458153352562915 33.06098023543629 -17.427658099046603 26.057407266202322 -14.06478944157333 12.617596686123102 22.67048434642167 -28.701032517462735 -10.300563952681099 -17.42208294055869 -14.956343460259106 -15.817118985762468 -8.83113282535796 34.178561471914534 -5.036638329166911 -12.000350937960809 -23.659958731774562 44.541371765895235 14.742034730548246 26.416011326975834 -27.45820959706608 -20.44388667491774 16.56038139262585 -2.9359441477035544 -2.1492309294362415 -3.8624085324715933 -28.73017587642075 50.73952978021962 0.0 0.0 0.0 0.0 0.0 0.0 0.0 
52.24268157935729 -28.245865148182677 30.6870310967474 -6.261481857253568 8.32549827409969 -37.63558009124617 46.66133585024284 -36.240086663523535 4.672342203437966 -43.62969663554444 -6.111777311233686 5.746681317124699 49.424641090132106 -40.6612686897424 -37.05009958236297 13.885763774866469 -12.860591180457131 -0.4848743874855917 38.51341458078643 -7.974920627284556 -20.748804574362026 -3.2377855906549566 -2.967108839768745 26.32219529608001 -10.118355260915571 -19.93042756859013 1.517553423765698 -56.56015788334165 22.464734241849158 10.412321411738482 -16.274398879320174 -12.813878928998335 19.185508822017532 -12.268402408768987 -26.495052284236785 -2.105249937023457 -16.493063274043227 17.40973202491251 10.300842090099843 19.46770487726682 4.4246946934192435 -61.32575277697624 -19.98312827433143 63.455439747424045 0.0 0.0 0.0 0.0 0.0 0.0 
0.11020487644213171 -0.014705766395457075 -15.36714790244773 -10.406876066823273 16.306653918119164 -15.432018674240846 -7.846438574222178 -1.3402501694251798 -7.395150756777891 17.583241876351632 -1.6945501246032866 -14.668128407623556 7.929807501153448 -19.273681127300314 -11.86999281130007 0.6834864243042617 -0.6006887232706039 -27.838198053056644 12.572281458602612 -32.07410423298238 -27.560342248675653 21.285160725410375 4.694832726248188 -10.250456386577776 9.223071273989063 -18.60888268411854 13.35954967897272 -26.674783249168403 22.941700480318605 5.601030872939322 -25.612185959862966 -27.264529038357416 18.97800769786978 26.472325444993288 -9.422778294892357 38.78754402843096 10.326223929731729 -32.05977939845933 27.58090100379104 -21.055983723682367 -5.022896998760275 -14.860772701757005 0.24850726406721094 -32.59613585278401 77.5304571324254 0.0 0.0 0.0 0.0 0.0 
5.57037191654232 15.520921404695104 -19.580741802021972 -4.902878424404849 -7.869469285374476 -11.86427413082811 10.733012778687158 -39.109948687952425 -20.455600542316777 -8.626214517982724 -5.663047551910436 4.256054955991803 7.833155859811306 -7.684892288974902 -17.78502343754408 15.026594632367111 -10.692542358559859 -6.9863771731790525 -15.689338104294457 11.101369670833467 -7.673940354387958 -27.382093980398245 -1.1446793361767063 -1.050567857012382 12.764017303781575 12.187767578968394 -17.478251782663875 -13.205568128858854 -7.124183933376079 -0.0671567995306978 18.8926408869514 -18.49719468881475 6.186768794357481 -1.829370759356376 -13.004540844374834 -7.293652623901184 4.369817483470166 4.7172516173372285 17.332664564994246 9.01166045161686 9.32476117144666 -2.888540442419492 34.135118540618585 -26.698086993740997 -17.835514227322186 68.00556088840294 0.0 0.0 0.0 0.0 
-19.20306770180867 -10.896568160368899 -22.959122193825472 -2.066448111761006 9.160604587604718 21.13747524126005 82.10353652815687 -50.81412435752773 10.293593312206513 24.598773975408672 -3.1903829316038284 18.53768471929613 -7.223180286713864 5.104765914050226 8.051024468345831 -3.653305469705352 -34.11299473115017 -21.94360752097652 -12.961129186185078 -12.237190361867793 -25.654004089176887 2.509639743301595 -10.187575890475696 26.88959923736821 52.63174266425009 32.047770671934785 4.583878293258945 -19.918533015368165 6.660266533319293 -27.363574173728395 0.6621200918384208 -28.88341647490749 -9.601177266554114 -18.852052105396336 26.70286088683988 5.114073008514926 -58.425569046328995 5.611324604416937 20.342906425186033 -17.88178010722943 16.54827189958898 3.996274623198599 -17.69288907756858 6.636534471457988 7.828662068846098 -11.322253847283541 41.10174306297028 0.0 0.0 0.0 
3.354051300831131 -38.858676115200396 35.50166016969459 17.92158831301418 13.739757927003371 -24.75710788846415 49.152340064263434 -17.79965460323156 33.256234285716694 -46.86711862060918 -17.34053480866278 17.434882666004157 42.34383888056928 -41.82882190462173 9.999117877673234 -34.013356507069915 -19.751481494523546 -28.756108135722883 27.532456497754506 22.816507952786782 17.741216159431158 14.954214046380278 35.33131000866196 -7.655512221983952 20.7903935044312 -39.782621501320214 3.7965350294289273 -8.400363782128593 -2.900880259985185 45.33529687139131 0.15860012406631485 15.692001690176612 -8.218926622894488 -23.892739635742128 23.86679163818066 -13.527478386673375 -12.050245478739665 2.5328262059299136 17.349198389025137 24.884040872058296 71.05509061771863 -42.52614409666545 -1.245324123009587 18.434683333391032 10.521868243645699 -0.41478701432296616 25.053899298737328 64.79855795475702 0.0 0.0 
28.683845415363116 -3.876135834127234 27.57521013545788 7.801345721903707 32.35748256208605 -7.625098028552786 17.76490900397823 -29.729662802872834 19.471657854427367 -36.8883618800368 -8.353240661144063 -5.689358771539133 11.501981452398228 -18.865150026882606 -1.8983037198850603 -2.8177510308053635 -0.9590351996747665 -2.5130881643120833 -1.3735700602991603 16.224272570396835 -10.04117140052216 -5.920437280269707 -13.066629862164632 24.555200686843012 13.786809430244158 -33.77474959325939 -2.139893513331354 26.936760154530013 15.136084172037105 31.748363039450236 -5.956849233246748 12.966096654858113 -23.87753575723657 -7.525363179238274 31.03517040003534 0.7420315412865631 10.32796457392348 9.058791881719861 26.119205772615857 -24.544669976842698 -20.769068922684777 -22.9486098667137 9.753444332837157 4.345764155300396 8.876599237066545 -22.725389872872555 -19.86176319198454 -0.8032585812298005 44.147591623844534 0.0 
-27.120713478529918 -23.937688755807088 7.873146996106446 44.23590713900305 -12.94466404059622 7.233828899944626 -9.06195911623849 19.452643167563114 9.783298167636701 3.995821145981333 -27.279065290811772 34.49295167848948 -34.42310993818103 26.368961937649313 0.1853141398290015 7.898754200594653 -8.602925434883 45.38172456096884 3.656347102269747 -5.9500448508711745 6.6224149558724665 29.725687801397843 -4.487130362316319 30.39968479043375 1.747233393366641 -2.4464928601234073 40.91192512223583 -3.1334958304777016 -1.6719827210791436 17.577575940736715 10.557188958561065 24.253211661343343 0.09746152440224645 -17.663736117892487 5.937449771125139 -52.233354288480804 31.704707402473616 26.677063561762196 26.066864348792965 -15.285653342917056 24.30095636731624 43.82482967195073 -19.3030022366486 -16.14651358588662 16.964356855599515 -24.365112691153303 16.72881041779826 15.175514864442254 -11.81131580188425 45.51956110658496 
