0.224692407671905 0.13525073083937225 0.0476100545931553 -0.23754154725230248 0.17401444284072806 0.061252708759574226 -0.6137516659792446 0.041602424193949876 -0.18855121524282156 -0.12383485868415492 -0.10424679971290361 -0.26896745006264977 -0.3554596514068634 -0.0229620617247646 0.4207568344173957 0.0645358791161327 -0.07951314644379555 -0.23305405545869354 -0.5301203540021913 -0.2676546603122245 0.18820970873159013 -0.008875854603818154 0.2259061237347565 -0.03947224959143993 0.03452712630503005 -1.265595601187133 -0.11506118416783574 0.07592026670153938 0.22491782929795337 0.09177834950866881 3.222705829422127 0.1522453503666241 0.05677965082879231 -0.2812213971603191 0.07210793133093232 -0.045597053641310295 -0.04085073237679845 0.21486992400044616 -0.1968338247519409 -0.20105886064311113 -0.391496267938749 -0.020757884455248683 4.5175289589812775E-4 0.05682333711395215 -0.1763483112765746 0.04689223700954524 -0.014999348438108363 -0.17526538842601858 -0.2138825318852343 -0.21565897019099325 
116.19331342632653 0.0 0.0 0.0 0.0 0.0 0.0 0.0 0.0 0.0 0.0 0.0 0.0 0.0 0.0 0.0 0.0 0.0 0.0 0.0 0.0 0.0 0.0 0.0 0.0 0.0 0.0 0.0 0.0 0.0 0.0 0.0 0.0 0.0 0.0 0.0 0.0 0.0 0.0 0.0 0.0 0.0 0.0 0.0 0.0 0.0 0.0 0.0 0.0 0.0 
-6.5175447448392125 111.8577271196497 0.0 0.0 0.0 0.0 0.0 0.0 0.0 0.0 0.0 0.0 0.0 0.0 0.0 0.0 0.0 0.0 0.0 0.0 0.0 0.0 0.0 0.0 0.0 0.0 0.0 0.0 0.0 0.0 0.0 0.0 0.0 0.0 0.0 0.0 0.0 0.0 0.0 0.0 0.0 0.0 0.0 0.0 0.0 0.0 0.0 0.0 0.0 0.0 
-0.3547898698503636 -22.47946109871613 126.9818203516109 0.0 0.0 0.0 0.0 0.0 0.0 0.0 0.0 0.0 0.0 0.0 0.0 0.0 0.0 0.0 0.0 0.0 0.0 0.0 0.0 0.0 0.0 0.0 0.0 0.0 0.0 0.0 0.0 0.0 0.0 0.0 0.0 0.0 0.0 0.0 0.0 0.0 0.0 0.0 0.0 0.0 0.0 0.0 0.0 0.0 0.0 0.0 
-11.741095784780617 36.87452026756304 -10.540593516058799 106.23889099217777 0.0 0.0 0.0 0.0 0.0 0.0 0.0 0.0 0.0 0.0 0.0 0.0 0.0 0.0 0.0 0.0 0.0 0.0 0.0 0.0 0.0 0.0 0.0 0.0 0.0 0.0 0.0 0.0 0.0 0.0 0.0 0.0 0.0 0.0 0.0 0.0 0.0 0.0 0.0 0.0 0.0 0.0 0.0 0.0 0.0 0.0 
-9.65147489088109 24.09886855353645 38.12946904694405 5.515813716754967 123.50174319342301 0.0 0.0 0.0 0.0 0.0 0.0 0.0 0.0 0.0 0.0 0.0 0.0 0.0 0.0 0.0 0.0 0.0 0.0 0.0 0.0 0.0 0.0 0.0 0.0 0.0 0.0 0.0 0.0 0.0 0.0 0.0 0.0 0.0 0.0 0.0 0.0 0.0 0.0 0.0 0.0 0.0 0.0 0.0 0.0 0.0 
13.14175737423726 15.445269216779671 -9.510608500378938 15.705148920322646 -4.456073385015296 119.0868869141763 0.0 0.0 0.0 0.0 0.0 0.0 0.0 0.0 0.0 0.0 0.0 0.0 0.0 0.0 0.0 0.0 0.0 0.0 0.0 0.0 0.0 0.0 0.0 0.0 0.0 0.0 0.0 0.0 0.0 0.0 0.0 0.0 0.0 0.0 0.0 0.0 0.0 0.0 0.0 0.0 0.0 0.0 0.0 0.0 
29.191629546005363 40.40106486723501 10.20182863607867 -11.3830052336678 36.84041777373211 42.22326714426732 109.13499891965652 0.0 0.0 0.0 0.0 0.0 0.0 0.0 0.0 0.0 0.0 0.0 0.0 0.0 0.0 0.0 0.0 0.0 0.0 0.0 0.0 0.0 0.0 0.0 0.0 0.0 0.0 0.0 0.0 0.0 0.0 0.0 0.0 0.0 0.0 0.0 0.0 0.0 0.0 0.0 0.0 0.0 0.0 0.0 
-4.664594337188656 -26.33167274669847 -15.205892969396244 5.60492262336421 7.311333141962643 -40.45827137238846 -14.184707553961408 114.6640444399304 0.0 0.0 0.0 0.0 0.0 0.0 0.0 0.0 0.0 0.0 0.0 0.0 0.0 0.0 0.0 0.0 0.0 0.0 0.0 0.0 0.0 0.0 0.0 0.0 0.0 0.0 0.0 0.0 0.0 0.0 0.0 0.0 0.0 0.0 0.0 0.0 0.0 0.0 0.0 0.0 0.0 0.0 
15.133954691150588 27.569581986814867 18.644773765931074 4.644653401917745 -7.57774085910257 11.497014219079738 25.11556306156963 -3.9481523830062857 99.1622247716554 0.0 0.0 0.0 0.0 0.0 0.0 0.0 0.0 0.0 0.0 0.0 0.0 0.0 0.0 0.0 0.0 0.0 0.0 0.0 0.0 0.0 0.0 0.0 0.0 0.0 0.0 0.0 0.0 0.0 0.0 0.0 0.0 0.0 0.0 0.0 0.0 0.0 0.0 0.0 0.0 0.0 
-16.00366854816556 -5.352198918949375 -0.9968315887760628 -4.7031327921937125 -3.993377316823368 26.107394125989426 17.467437940713957 -27.271256934669875 17.63386543328369 97.4098016407628 0.0 0.0 0.0 0.0 0.0 0.0 0.0 0.0 0.0 0.0 0.0 0.0 0.0 0.0 0.0 0.0 0.0 0.0 0.0 0.0 0.0 0.0 0.0 0.0 0.0 0.0 0.0 0.0 0.0 0.0 0.0 0.0 0.0 0.0 0.0 0.0 0.0 0.0 0.0 0.0 
-14.393854946624472 -24.20822955521377 -23.32525906484387 -17.500476920986767 13.217855691531526 29.122293246768358 7.3946206746889365 1.229619771825191 4.814601210309166 -11.835968688354601 93.88544904353977 0.0 0.0 0.0 0.0 0.0 0.0 0.0 0.0 0.0 0.0 0.0 0.0 0.0 0.0 0.0 0.0 0.0 0.0 0.0 0.0 0.0 0.0 0.0 0.0 0.0 0.0 0.0 0.0 0.0 0.0 0.0 0.0 0.0 0.0 0.0 0.0 0.0 0.0 0.0 
-10.118648487550361 22.198505268373367 -51.63845722814015 -18.80877864462441 7.872589764699225 22.265762543337555 1.6919035502823887 -5.087638791435789 -0.8420488078764344 2.5581766646520587 26.338567936330236 105.13040664011704 0.0 0.0 0.0 0.0 0.0 0.0 0.0 0.0 0.0 0.0 0.0 0.0 0.0 0.0 0.0 0.0 0.0 0.0 0.0 0.0 0.0 0.0 0.0 0.0 0.0 0.0 0.0 0.0 0.0 0.0 0.0 0.0 0.0 0.0 0.0 0.0 0.0 0.0 
55.82103859793806 30.874852183812088 15.0390286913352 -41.409239928753664 30.360424828745373 20.04003806298169 15.180141623479185 -39.565499748421075 17.2816512207772 0.24897571243605793 23.49559135604262 -26.863022610184437 107.79686727795792 0.0 0.0 0.0 0.0 0.0 0.0 0.0 0.0 0.0 0.0 0.0 0.0 0.0 0.0 0.0 0.0 0.0 0.0 0.0 0.0 0.0 0.0 0.0 0.0 0.0 0.0 0.0 0.0 0.0 0.0 0.0 0.0 0.0 0.0 0.0 0.0 0.0 
-8.758965091776334 5.93257926346242 -4.370157721390266 22.32145477270796 12.928832600025654 -6.959489405287598 -24.29079300551469 5.054129946069251 4.557534031499165 5.522251851625434 -34.475389125233264 21.215162182300382 1.3853414377687887 85.97281230828864 0.0 0.0 0.0 0.0 0.0 0.0 0.0 0.0 0.0 0.0 0.0 0.0 0.0 0.0 0.0 0.0 0.0 0.0 0.0 0.0 0.0 0.0 0.0 0.0 0.0 0.0 0.0 0.0 0.0 0.0 0.0 0.0 0.0 0.0 0.0 0.0 
-13.316885332069562 -7.105558081338101 21.58310277120388 9.923329314006477 -13.047318371094814 -35.188985295548676 -36.44532726412946 19.640780219297472 -15.66424719363315 34.30756838595319 -11.467104228353149 -17.729466399678792 -13.825358237178706 -8.359214436556115 123.67749821891238 0.0 0.0 0.0 0.0 0.0 0.0 0.0 0.0 0.0 0.0 0.0 0.0 0.0 0.0 0.0 0.0 0.0 0.0 0.0 0.0 0.0 0.0 0.0 0.0 0.0 0.0 0.0 0.0 0.0 0.0 0.0 0.0 0.0 0.0 0.0 
30.230839560018566 -31.921086644283577 0.19273944719377833 -24.666934077265747 27.34122155948083 -39.21220623221702 38.86115556555048 -17.78769789743416 -24.445492136800446 -4.923726458410387 30.84742694273704 19.766292494049495 -11.23878847706677 -5.6428549801811165 -4.193422863317655 76.75548589109253 0.0 0.0 0.0 0.0 0.0 0.0 0.0 0.0 0.0 0.0 0.0 0.0 0.0 0.0 0.0 0.0 0.0 0.0 0.0 0.0 0.0 0.0 0.0 0.0 0.0 0.0 0.0 0.0 0.0 0.0 0.0 0.0 0.0 0.0 
17.245143073049107 30.806766511130842 5.102212397946685 4.335927314674178 33.594293375270105 23.267372801220592 21.42748517506032 -13.594883763054266 21.852183907366086 20.109924333602365 -11.370564574566728 45.79280145677826 -2.2457473090057407 0.8850593928145042 -51.56454513135814 6.021797302189298 88.61084324874427 0.0 0.0 0.0 0.0 0.0 0.0 0.0 0.0 0.0 0.0 0.0 0.0 0.0 0.0 0.0 0.0 0.0 0.0 0.0 0.0 0.0 0.0 0.0 0.0 0.0 0.0 0.0 0.0 0.0 0.0 0.0 0.0 0.0 
23.354389713670646 9.44444724637198 -24.34628701705249 -21.25710402722458 13.622418163597494 17.160740216404015 -15.642556340102317 -27.003781504253002 15.068485053400622 -6.779169531221125 9.867616088745406 2.8215985148822913 27.67021923645729 18.565432160619395 -0.13475818433114062 -11.127162530493523 29.378254029043823 90.65242977201872 0.0 0.0 0.0 0.0 0.0 0.0 0.0 0.0 0.0 0.0 0.0 0.0 0.0 0.0 0.0 0.0 0.0 0.0 0.0 0.0 0.0 0.0 0.0 0.0 0.0 0.0 0.0 0.0 0.0 0.0 0.0 0.0 
39.86982608870272 0.35178350157352556 -16.040110416167195 -19.87875997138693 22.891675576745374 26.63204339877674 39.8623977817352 -27.357458222887228 24.556324433396874 4.267883827748065 16.466357079880293 42.51515900679551 17.245468408714448 9.99614131388869 -13.687339403742913 18.45011380525143 14.557215663291684 -11.009150835354433 89.89655876504095 0.0 0.0 0.0 0.0 0.0 0.0 0.0 0.0 0.0 0.0 0.0 0.0 0.0 0.0 0.0 0.0 0.0 0.0 0.0 0.0 0.0 0.0 0.0 0.0 0.0 0.0 0.0 0.0 0.0 0.0 0.0 
-24.592347515714618 -11.10650373000972 -45.06750289225821 9.88352040840396 -33.48949389411944 -10.056928651629521 -31.24778079498621 27.242423329342447 -6.432133285342666 -13.209137520442646 38.463547243077976 -30.873013686218854 -36.45754575815084 -18.927012450935162 16.451345663017957 11.162813996322276 -4.469542441277329 15.633699496773975 4.691578395323219 76.42475212414455 0.0 0.0 0.0 0.0 0.0 0.0 0.0 0.0 0.0 0.0 0.0 0.0 0.0 0.0 0.0 0.0 0.0 0.0 0.0 0.0 0.0 0.0 0.0 0.0 0.0 0.0 0.0 0.0 0.0 0.0 
16.89325293499105 -23.56941296324645 -15.488853551771241 7.283886861424532 -51.24624438609074 -29.438076502351745 6.504743662307243 -9.402229579773921 6.703587712318932 -29.814589822986502 -6.581749761308147 -12.55125225848257 9.582637638023465 -18.46836722862559 13.21397169897541 -16.05935889032223 -41.57203743935512 10.903377544195445 -10.793377454190852 -0.5033132272770214 83.86537811560844 0.0 0.0 0.0 0.0 0.0 0.0 0.0 0.0 0.0 0.0 0.0 0.0 0.0 0.0 0.0 0.0 0.0 0.0 0.0 0.0 0.0 0.0 0.0 0.0 0.0 0.0 0.0 0.0 0.0 
-2.7606257621026593 -23.414267841411522 -9.789149929460653 -20.04803289690443 3.4721816950390743 -56.36675370501104 -27.666694130212026 26.47863003939231 -18.45748745583351 19.292366621326924 -43.61516041311981 -11.902556905278253 -19.963548489426614 8.148492608189942 -4.158965462725192 -8.12341732399809 -17.28697460098079 31.39367948607642 14.487761453747698 -13.801785746830971 -6.0659733667152995 79.3697530810976 0.0 0.0 0.0 0.0 0.0 0.0 0.0 0.0 0.0 0.0 0.0 0.0 0.0 0.0 0.0 0.0 0.0 0.0 0.0 0.0 0.0 0.0 0.0 0.0 0.0 0.0 0.0 0.0 
12.030412929061356 1.929172891311029 9.325620463902824 -16.502844313146536 -12.284225938751018 0.10896519084400841 -2.1462459909365434 23.098885436494875 -34.19782009556777 -25.28989486538555 -4.9378318194850035 4.704608327328917 25.990714510591918 10.382043918794173 46.012552766481676 -14.942092223574708 -8.244887727954913 -2.5499261066395857 -9.484858070460454 -13.92016674529894 -4.627362337224495 30.47547580414957 68.1053577263538 0.0 0.0 0.0 0.0 0.0 0.0 0.0 0.0 0.0 0.0 0.0 0.0 0.0 0.0 0.0 0.0 0.0 0.0 0.0 0.0 0.0 0.0 0.0 0.0 0.0 0.0 0.0 
14.20222533518854 25.50449464640835 -23.125452551022153 6.07425590125197 14.369478704069392 -0.13986143484360947 -2.508823569237094 -3.887835237036912 -2.9458508805547097 -19.173495975076154 16.51201717852906 20.9298988381229 28.72866780769336 35.81240094614612 -9.600496971432086 -5.813555469494822 33.83140417752739 17.85744420031143 8.345869071506003 4.811013242673986 -12.292368277765128 4.878548246344146 30.1269335893799 75.82339267203263 0.0 0.0 0.0 0.0 0.0 0.0 0.0 0.0 0.0 0.0 0.0 0.0 0.0 0.0 0.0 0.0 0.0 0.0 0.0 0.0 0.0 0.0 0.0 0.0 0.0 0.0 
-4.466412171583443 -0.8148700444473227 -5.103687855638211 -26.893676497709247 23.305108542423426 -31.074743156831534 13.141539996173792 9.650090892545194 -7.345020000642488 35.17119593453102 -15.33513834296769 22.634647770448183 -20.204733949766663 -1.1501300953715075 -6.174052457062894 0.2155658366149467 6.310947497137054 1.0105294413887225 -9.653752451205484 -0.6163941717212618 -16.487457653139998 20.74298217879086 5.632946064290519 18.504888460888235 70.32517142431239 0.0 0.0 0.0 0.0 0.0 0.0 0.0 0.0 0.0 0.0 0.0 0.0 0.0 0.0 0.0 0.0 0.0 0.0 0.0 0.0 0.0 0.0 0.0 0.0 0.0 
2.742976759180791 23.68256851903028 13.344303344360194 18.33402763771242 -11.42259555983388 28.054333115035618 13.173619613176129 -25.28007643446901 0.4070607133258751 -21.24629236260923 11.598744970814218 -25.73564345013226 39.510115513413936 19.18583100291175 6.154689875088623 -27.129737982489 -6.900155674095696 -13.947992039620777 7.6230839355268945 -9.915972643222343 22.231417104775627 -2.874400980237558 12.620668411586541 11.311195397980605 9.379689760102885 84.29927360373614 0.0 0.0 0.0 0.0 0.0 0.0 0.0 0.0 0.0 0.0 0.0 0.0 0.0 0.0 0.0 0.0 0.0 0.0 0.0 0.0 0.0 0.0 0.0 0.0 
-9.18530281761787 -40.28206738389408 32.63690631340943 -6.238345151614261 -19.961913111851334 -21.453160881489406 11.384849736626007 57.78978519757087 -8.030371208391156 -46.73635736739307 -22.320413154759816 -28.94880617073485 -24.109010780739844 -9.412744908965001 -25.959672145105184 19.664636319515356 -25.95579790582749 11.713098921139952 -10.755763090733787 -0.3443084925353837 24.81236228361555 23.078716559804246 -2.566511260489347 -7.928882089778413 -15.084299464425843 0.7775643436853285 91.10899011672974 0.0 0.0 0.0 0.0 0.0 0.0 0.0 0.0 0.0 0.0 0.0 0.0 0.0 0.0 0.0 0.0 0.0 0.0 0.0 0.0 0.0 0.0 0.0 
23.937134178076377 -23.188804966913775 20.669819464456438 -30.663980289616283 40.31606011723614 -29.705900529549858 22.495332138261556 -12.218635240093091 -4.530671688721824 -7.264418443426276 -51.302921323087524 -4.9603919362415 -10.326091813882043 14.471696173197252 -26.40443220632481 53.42121907392633 -17.518979914792467 16.932404834072813 -19.08201035632041 -15.072519151772216 -39.10295143400201 2.7991282332037275 0.9863054763422195 -12.193231165421787 2.026491507780183 5.020269871629631 3.3482117328624157 65.20711115687952 0.0 0.0 0.0 0.0 0.0 0.0 0.0 0.0 0.0 0.0 0.0 0.0 0.0 0.0 0.0 0.0 0.0 0.0 0.0 0.0 0.0 0.0 
11.07321730891705 -33.93190599471834 4.3932478958349135 -23.979057648579833 17.61184069129525 -17.97724117874046 32.78300809696901 11.258753042339752 -0.14728236863615776 31.71535020095645 -29.906768151149524 18.018293009455586 -17.829715734146856 8.188595574470638 -6.13948231910387 29.419961418538175 12.055751927629505 16.014734740031056 -22.853194103043066 -13.84530816405773 -8.827655191457453 -12.24079195504293 -4.421966656303491 17.832941359610768 17.40035553271359 20.67696597370808 12.658849258606315 4.369244917017835 66.46726670821134 0.0 0.0 0.0 0.0 0.0 0.0 0.0 0.0 0.0 0.0 0.0 0.0 0.0 0.0 0.0 0.0 0.0 0.0 0.0 0.0 0.0 
-4.459488886537672 -12.321153909460747 -14.890983596118078 -14.875258290005151 -24.053444323124967 16.43767563011563 23.50321432248047 3.2381488440660524 -13.883726167095803 20.192452495280335 52.51750058127593 -66.32251803728646 -7.048088143386047 -5.16573181684146 30.903987729972872 21.388082332554692 -26.417746493442444 -7.771074944893491 14.533338700391576 26.573430992232375 3.119204432992097 -22.919226511197625 -12.652995799369938 -23.430678392374364 -11.882021035838651 -2.1831686422092043 -10.592068279222664 -7.191343284910677 1.6989623353201642 87.56204067185814 0.0 0.0 0.0 0.0 0.0 0.0 0.0 0.0 0.0 0.0 0.0 0.0 0.0 0.0 0.0 0.0 0.0 0.0 0.0 0.0 
43.08160951469625 19.86817542967819 1.546079086143406 10.105366047452145 -13.430038984422113 2.1161490205360427 14.550165420207055 -14.46466987004523 -6.856381053272609 -4.920370600401816 -12.637093061706027 -8.728030697603058 -16.867945772145436 -11.080665885648774 5.492003451519594 1.275333736874203 16.478908521421406 -18.61087893512208 -31.285100673700924 -24.94945744409125 2.505140819272955 -11.901688432082699 17.77033444155 -6.35186254258341 -2.991375985358356 -40.27537586925113 22.81908656343036 -19.59210675954462 28.886527931635527 14.120817258739907 85.11136326525208 0.0 0.0 0.0 0.0 0.0 0.0 0.0 0.0 0.0 0.0 0.0 0.0 0.0 0.0 0.0 0.0 0.0 0.0 0.0 
-16.658056356383344 3.799740815304115 37.42857778038291 -5.554838802141124 -1.757951254005461 -28.153468617183293 15.504409737116877 20.268088961082952 15.660941383508606 27.490641850360205 -38.39126623922002 5.688294500180301 -13.880862175398802 -9.066002496202891 1.4512190684969757 -14.82386609941992 17.6444288606898 0.6090957933718044 -1.5791945351998056 -53.44216021998605 8.183202665635411 -0.32355296060386246 16.465110515527435 2.266663346678223 -11.651049618251884 -9.224235554005817 14.064058459015486 -25.92654921064751 9.342495423458466 -9.681809891445507 -4.605198821127819 76.62711352895984 0.0 0.0 0.0 0.0 0.0 0.0 0.0 0.0 0.0 0.0 0.0 0.0 0.0 0.0 0.0 0.0 0.0 0.0 
-32.18312240120577 -4.908327961078421 45.25631198069171 0.49791960319192213 -5.95220647951031 41.18532154279622 1.8299314841190084 -40.17850180181214 6.703937895690548 14.065163383804927 15.455526992286938 -25.20186878720492 28.93180306529403 -10.479093200945524 -25.675471012724767 -7.869611836680969 -3.324258244081373 0.015412520008640566 1.1674057880115034 -0.8284659058487962 -40.72758499038195 -22.72547399906943 14.226512312358027 2.9846838493849974 8.279855187785952 19.223340422036532 -25.194455723329973 29.43367282693103 -1.1842833072876096 37.4303247144582 11.445413901271987 6.149743914247567 70.88146629508866 0.0 0.0 0.0 0.0 0.0 0.0 0.0 0.0 0.0 0.0 0.0 0.0 0.0 0.0 0.0 0.0 0.0 
-38.025447708786345 -6.302195535510153 52.605095509113234 14.492441587136819 10.958286843647203 -16.95519768228231 -10.144939795546389 18.8772997467278 -4.733737345011229 -6.074945596636653 -59.953744660498224 -17.265668911178874 -16.430035539249772 2.7969106222892886 20.246462999510392 19.85182650077818 -10.612056398791946 10.119650455156076 -30.922611864109765 -0.278877838765085 9.648949509047375 -19.85606552369407 -17.397929793534775 -11.88682836205906 -5.059908403124694 4.135259180556997 29.532015504518554 5.408548140723202 2.801116670910145 -18.906751037945828 25.099441189364285 6.830660334320596 -9.844571896390717 72.76656810537554 0.0 0.0 0.0 0.0 0.0 0.0 0.0 0.0 0.0 0.0 0.0 0.0 0.0 0.0 0.0 0.0 
-17.53748075248561 31.043447651152018 -0.3635721588048705 9.13420334613592 3.4566675448987634 16.37741865314529 -23.711611803829424 9.203603910388786 -10.169126355265135 7.011200443040021 17.299061029153165 -3.5607431065499604 18.705130139625624 -0.3245638302293464 12.790815051772347 -10.202065040856215 -18.170256727647594 -14.728731177447333 -6.030945017933217 -4.555405037281982 2.490919616871145 -1.084126746424054 9.345407569683758 2.279545734274622 -14.417225201885632 15.362791592951448 6.345250708358809 -18.263427854279225 -1.5393123168209075 0.5176950016655326 9.293350582540077 -13.987135413260518 -1.4988315605547282 13.964668109967818 58.07752334861393 0.0 0.0 0.0 0.0 0.0 0.0 0.0 0.0 0.0 0.0 0.0 0.0 0.0 0.0 0.0 
19.913788086065654 7.627955003360015 -22.35523082060862 2.705814276917494 -18.042372214294538 22.39571410146935 -38.21390811133268 9.936626157566561 26.11478914008377 -15.108206780834308 -14.971141762447932 26.18956562700003 23.016816379449903 31.82667491363784 7.921641739130806 -42.19045668567096 20.424255586775026 7.366914163962072 -1.4498136354457654 -9.83099109871502 -6.890455703785838 1.947882377584653 -12.295152606829399 -5.541832993365077 -11.369616830566466 16.997293880837695 -2.3464733585088493 6.809596767817197 16.8565811942456 -5.934904813262954 7.261766937626106 6.701233472717734 6.007796218154379 -17.576334045574207 -6.979365459782152 53.12084671876884 0.0 0.0 0.0 0.0 0.0 0.0 0.0 0.0 0.0 0.0 0.0 0.0 0.0 0.0 
-11.764509159028423 23.182979528638 -5.70322523598512 15.354194164572652 9.443776088970829 -12.349345861300517 -13.705609541180515 35.37565349960217 2.3684683897437204 -17.689400180814474 15.65636744707267 6.447307135552025 10.732072196977338 10.998890960972595 57.22453283816753 -20.95613309318888 -28.17881454553645 -15.645311521171882 -19.026515266690254 4.194905203254586 0.9531654735926315 2.8342638965808056 -17.358102483560685 -1.5378126446572673 -5.076281594043779 23.663402109125357 6.404054341086177 7.917824365082912 -18.22510971880442 -31.057152086778448 9.613232765274937 -25.598754107147524 -21.575036058625567 -1.896410672943599 23.153620445017555 -0.6763109815874666 51.480499932407405 0.0 0.0 0.0 0.0 0.0 0.0 0.0 0.0 0.0 0.0 0.0 0.0 0.0 
-29.4584884792519 -8.321228195531697 -14.677073138546817 -6.01168480483971 24.4726612897831 10.224466993983071 -28.65829255716321 13.820053691221666 10.55423638702141 15.588796785046007 18.071924278824262 2.7210381694604573 -10.629710510695302 13.24137507177591 -1.6261985552593525 3.084425200369543 15.778689426728272 8.342238723695015 -2.4766376902336393 -1.4757172673755221 -4.360881520495671 -4.008975058638655 17.267319734368133 -15.699142302314733 16.514981945292213 0.07338071996472076 31.4526307338837 -9.001591165731783 4.080898963055811 -3.7787401523110646 2.333909633060906 -9.948578717519531 8.263816536221935 -1.6954426745467481 20.30783865320565 7.176314189902645 8.161266244698973 64.5922285082065 0.0 0.0 0.0 0.0 0.0 0.0 0.0 0.0 0.0 0.0 0.0 0.0 
-14.513980064529132 -17.491725973349396 45.45100565850626 -12.410379833393348 12.346283483846397 -31.02256694649908 -19.81314677310403 21.086774228074532 4.086370709232316 -8.01569743166686 -10.351921673004854 -0.7725054778734618 -8.584068262234611 -17.66760750214128 -6.256643786882056 18.028179483183237 -13.524059939769906 18.830322110948863 -22.60307771067531 -4.470594048592102 20.261929105728683 -1.000482341264483 -10.111185270946581 -7.212925311788086 -2.680154586283588 -1.972638435359064 5.739104350822426 -3.2485520244087254 22.467315344583664 -21.330392166228602 18.21768600270625 7.722248141040024 -4.8567001462355845 18.6963306060731 -18.70808812314683 8.078698634691106 -9.680461722669348 12.69212074753841 64.87067663921849 0.0 0.0 0.0 0.0 0.0 0.0 0.0 0.0 0.0 0.0 0.0 
35.5131825038366 11.224368097318727 -15.597743883356529 -1.6108933899618683 -37.954009533842246 -12.034474307038385 3.0415359903052637 -8.098056229227552 -12.721298672567556 -40.4170428194036 10.037093821244614 -25.95923761786332 11.162951168109634 -9.643692613944834 -19.14584534649582 -41.3994188614472 0.08331322473349238 -3.166040704138242 6.206874328900465 -2.2354987780742626 10.151583114211196 12.4710685422775 10.137812356984714 14.662026350541902 23.58801991160508 -8.653388503558814 7.974428562777655 -16.871496891979596 18.923979097651802 -8.95294321494544 -3.343951123690353 -4.680074279049624 9.358300319759465 1.9795402462757652 -1.8837162357995296 3.5528507497408643 12.799716139217898 -13.997097385763778 17.008029040726456 52.4121102775172 0.0 0.0 0.0 0.0 0.0 0.0 0.0 0.0 0.0 0.0 
7.824701177738868 28.49163780086406 5.89101608428154 1.4754159953716939 24.71906759151928 15.761604947482121 5.351897008772326 3.4908700336202565 0.29871586053282057 -20.19190996723614 5.038636321749482 32.57574847176941 23.83148158154923 -2.6087733151886128 -27.571953558792213 -18.345033186446972 -6.8661918552220795 1.8743121545488821 -17.83283454729465 -10.021533580105194 -0.8960148192125101 25.756830381110987 -8.727484811846 17.479603277301965 -5.65412554151835 4.771008650527616 18.159975984977397 18.870495646781695 -7.297636915285378 -16.18878419556532 2.849435380085625 -15.290137958884923 -18.22492890787101 -0.1938820195745458 -18.662013384663567 12.698104439528489 11.056854081973894 26.708417548907896 -2.976095827038265 -9.387203668953914 38.141090500280846 0.0 0.0 0.0 0.0 0.0 0.0 0.0 0.0 0.0 
1.8668151271671043 8.656121917565226 22.42458912746792 -7.55690249085136 -12.2022898443112 -7.025973156971401 -16.22041547428009 -14.572817811448425 -8.219300429249527 25.790076908087027 -32.84995600121501 -4.510178493764109 19.559688571967552 -3.416917539668001 -0.6798510474090562 -1.196756577640987 -5.697317173568401 -0.4558125321659801 -12.12471555018229 -15.523696487012163 -24.189649496170315 14.836598746253456 -9.399766660736658 -4.329251842030001 -10.69716227029418 -37.00951268579148 -0.33892149820774686 6.193453231006758 -1.7802575338288849 17.839278829751223 -3.12565650424324 19.619189027062156 6.2999812556098265 7.92857814211971 0.12632986535885418 17.820926207751807 -5.038482590378318 -0.7081778116146152 11.901148109528616 15.184390556583304 6.725086174159756 39.067795332482696 0.0 0.0 0.0 0.0 0.0 0.0 0.0 0.0 
13.213077429481055 2.375965535140686 55.368651843814995 -11.711129377061862 3.9023276922270647 4.9251786733318275 24.919108994817513 -23.19021534831459 -4.921680695961572 -3.1759108951161745 3.8402093574624896 -8.395419583271538 19.617294336009365 -6.50384485059106 -7.28761618389974 -4.6095046368436146 21.824920536440043 -6.919623453361054 24.289540105483322 -0.4064183641436432 -8.387270005453496 23.241641388002535 9.697826164874948 1.246736288428691 -4.781040340012761 -1.300738016146034 4.3858200016095354 -5.211255790011913 11.84733614418956 -5.058821807764792 1.2693674395547343 -14.425159697692976 27.30592258480367 12.461454253307005 15.388015759490498 -13.088147111530253 -5.74432500605171 8.834599413858221 -5.06024618139429 -1.864401885372383 -2.2380887650528525 -16.36325806178399 37.29090158013901 0.0 0.0 0.0 0.0 0.0 0.0 0.0 
19.97876749836061 16.99585489145487 19.45399709530915 -14.904229985780546 29.71735697341473 12.183757487829398 11.004506566872088 -10.89414629998674 -11.422810610426822 13.56300253540802 -7.200971909451593 8.142252015393773 21.120984951184298 16.42928851657527 2.8635803060109315 -1.7148268663010644 16.359353914780165 -1.2196441106209288 4.666408427144565 -14.65433343941897 -26.43828821410037 6.434138090538717 12.282865042599528 7.305165294536176 -6.469121819222977 -9.327563402270293 13.091081653097485 -15.246062834411177 14.389310028878306 -0.7588063339194683 7.268093298271161 -16.93361835010586 20.84112732963813 -14.942368385481451 -9.061268804333649 2.500870710384492 5.700771368532527 10.722038991971225 7.2572445112915345 15.709605463819274 -0.9292751275537218 -28.561159801156855 -5.398530629245549 47.921151301288795 0.0 0.0 0.0 0.0 0.0 0.0 
14.316636784241739 -23.861176831676207 -2.4173338638236763 13.601214739867915 -11.664765425204388 -21.793957832626315 -14.406262778744267 -16.52883269307239 -9.183110750410231 35.710945500613114 -27.58987922546292 3.420921405711839 26.101954830073026 15.785343782297767 -11.095801271267117 -0.4645546648711765 -12.604424074404621 -22.38018385038703 17.503576651367414 -36.50857816894708 -1.5583946813874343 -8.32459514913039 -8.350995461350843 -2.0727570025458024 -4.862701507001967 -22.388689866124835 -14.471520978575127 -7.421012010289557 -2.072628386748483 24.990809981056405 -25.32813125992631 15.590898619046355 17.602899184805914 19.159100836480764 -7.60377323940797 18.524188116250762 -0.3728461233633369 -24.847708549509054 13.40414772317305 -0.48496010146749763 -1.640998547456328 -1.1696563625822094 3.372978589892011 -17.900717764799573 56.0463693554522 0.0 0.0 0.0 0.0 0.0 
-1.4854674154617784 5.2539526350148344 -18.62118255874952 33.7909812339391 6.370415438093215 -14.595879279464654 -1.1032124963425358 -3.2638639794043143 -6.926298739488311 -2.6551205707350216 -3.914047915126724 10.857930774465254 2.607500314681477 1.4171636368174014 -1.9394104861712422 10.250677310677728 19.47693689318323 -1.5821841916334727 4.791446789961234 13.231502378457986 -3.559788485760379 -6.906400394190304 6.596096451655619 13.750415709263097 0.22230530544651014 11.049913641380412 -5.836664091879737 -12.979504466643238 6.513788960546955 -2.6665447243331264 9.00103784852706 8.338166108015173 -8.929426096524423 -3.6287317229656018 -16.732581428672074 4.851292076449159 1.8581220371977862 6.454963282443611 10.922511381611006 -7.704964528479403 0.22247891791013294 -6.152225225330736 15.63066012819506 -10.83203590739703 -9.737503839522288 44.21091900792852 0.0 0.0 0.0 0.0 
-20.65339758833929 19.651008283039264 5.533267603976828 -13.182142041272616 -9.898045199632424 -12.088331733029074 36.61187761007196 -3.6592229720624685 0.289204961298313 -2.0545307895057294 -32.98663634781491 9.124605521690693 -44.964504382022355 11.59409303902955 -6.767287274956105 15.764561492174629 -21.95917986888175 -19.225613276134123 -44.06092162522917 -13.12504327997707 14.639327707876275 -8.364464269246067 2.111136303669433 29.07809810421913 29.166634695677633 20.52490593326842 20.1144932555934 -6.280402019105741 11.598312445193995 -21.83168120138992 9.483135527511731 1.5243893348034512 -12.96650207273237 4.59005648543828 6.86278524011606 4.8728658529012865 -31.702804632700207 6.587998061363708 10.060668863349978 -13.274276593644728 8.488653060402928 6.339526106333557 -8.643934958257342 0.2876870736017129 0.5599145868262859 -9.889086075536573 32.660612746284265 0.0 0.0 0.0 
14.059475754226463 31.109236637181315 4.76671606614979 38.30359995763174 -0.4074501550057733 20.55206679839073 36.384162867782614 -9.76678787541613 13.564615538753815 35.53929054115879 -1.6347792716920915 -8.545721007980092 10.632574562386417 -29.291087618417475 27.47848017174629 -7.615757777302262 -4.098414647340068 -39.98305059624528 33.99663379395319 -10.291519242701224 -0.9681852022842061 -12.145593669450003 2.607118037781641 -29.95373143742962 -7.874972809384268 6.238516743549027 -2.7637161213923296 -5.635600169192513 -13.599131070754892 19.100954258812997 7.317187417949703 11.26753389426203 -12.487586061570134 -12.503848690419337 23.477887895684194 -11.4983677149099 5.272390780251896 2.8427893451087196 -2.201757445370575 -2.288317022893375 30.858389373570514 -12.17373494459659 -3.6001365981628513 6.305455501414527 2.307922164269418 -5.270029310025353 17.408322788600096 52.66031406850761 0.0 0.0 
-25.94266958315964 -0.7844863152084951 9.078458831314967 18.33494562670517 43.97449413290396 -10.113348462963563 14.293801845262124 -8.466645393661175 3.112456016213222 16.439837151438756 6.880667542813098 20.53023435003522 -4.477814406707972 -3.0964328228394167 -17.474390528324754 2.9183663993869216 -27.793740466230034 -22.56796000889331 -11.69349787731962 8.671646235252023 -0.7060276376030625 -5.284677843910659 -3.099079395530122 13.205422283861028 2.537896681704709 -0.3565704082585634 -10.16034651136976 21.077694528714254 -2.3345116846294647 11.013250654319236 -8.928416751727136 4.683308482888459 -7.628707276102878 5.654878788163635 20.546435587941097 9.285863833441734 18.35268909336048 1.8680142249928755 15.44434107741965 -8.037360931240624 -7.018584704721649 -8.5067567098842 4.27319313456437 -2.4495913798752964 9.78858591347755 -6.186442593384968 -9.978349875712631 2.873463246854007 34.99497376467135 0.0 
-25.75147777020121 33.616182314782606 -25.285029003749877 3.974002857556816 21.108555132209794 -5.181163639218173 10.825554906660228 -12.711018051525661 15.615040891195395 40.73645633299099 7.875452082851191 26.40176388565576 20.647512020467545 3.0002871615087177 30.346905896702783 15.21275348723999 -12.206827228167011 22.17756067417761 -0.05618998251834321 -7.937307840001718 -4.932893383871033 -15.718931336911545 1.0602578278159958 13.107522767133322 5.718160837061282 17.377806395395094 6.045357148187315 -16.477359149945116 3.5871220653651568 9.02434278721999 -0.3768358530051569 4.66105649436054 -8.673692405578608 3.0227522929198325 31.384764032982584 -36.31651454618369 23.45185861615859 25.124844439543043 14.469067132572286 -12.985883868175172 14.66744470058596 26.185457988970494 -9.392325612563864 -12.583984886238738 8.981583047563142 -12.757911984342108 10.784150008242618 17.94690109167099 -5.6946106889313866 36.23105032374448 
