0.1280596681891336 0.5453360927938621 -0.33048545221762393 -0.40696846568546935 0.6008630523334485 0.39132722481287713 -0.683206524943183 0.08368858846756688 -0.20574948732381101 -0.2010470994872577 0.05384831018584598 0.20547535073818574 -0.20411776352106203 -0.1335406639540661 0.662160915653908 0.017942762210719006 -0.2590850345569781 0.11405132483646944 -0.002550512001822049 0.10962821517441024 0.08047654536314382 0.7418106309702921 0.07030607724700842 0.09188118827868694 0.35243779723674346 -1.7513117877840263 -0.35524632412868307 -0.38054341799982727 0.04171308825774576 -0.12053267424192693 2.752768601105248 0.11624757503759388 -0.4083838861197382 -0.35844085094506595 0.1432763869369541 0.10682028612687766 0.05926980085822729 0.23131956492409045 0.1374542725495134 -0.1865185914074708 -0.31023619692303445 0.11609597801292969 0.01538424533979076 0.003435835872088902 0.05061908531595022 -0.1324800595249118 -0.34718305704285557 -0.6959633192247248 -0.10820726557158997 0.05221075343952338 
84.96354020277414 0.0 0.0 0.0 0.0 0.0 0.0 0.0 0.0 0.0 0.0 0.0 0.0 0.0 0.0 0.0 0.0 0.0 0.0 0.0 0.0 0.0 0.0 0.0 0.0 0.0 0.0 0.0 0.0 0.0 0.0 0.0 0.0 0.0 0.0 0.0 0.0 0.0 0.0 0.0 0.0 0.0 0.0 0.0 0.0 0.0 0.0 0.0 0.0 0.0 
2.9779319881701967 92.56261352762216 0.0 0.0 0.0 0.0 0.0 0.0 0.0 0.0 0.0 0.0 0.0 0.0 0.0 0.0 0.0 0.0 0.0 0.0 0.0 0.0 0.0 0.0 0.0 0.0 0.0 0.0 0.0 0.0 0.0 0.0 0.0 0.0 0.0 0.0 0.0 0.0 0.0 0.0 0.0 0.0 0.0 0.0 0.0 0.0 0.0 0.0 0.0 0.0 
20.600957395134582 -28.165639069919724 67.05102033805463 0.0 0.0 0.0 0.0 0.0 0.0 0.0 0.0 0.0 0.0 0.0 0.0 0.0 0.0 0.0 0.0 0.0 0.0 0.0 0.0 0.0 0.0 0.0 0.0 0.0 0.0 0.0 0.0 0.0 0.0 0.0 0.0 0.0 0.0 0.0 0.0 0.0 0.0 0.0 0.0 0.0 0.0 0.0 0.0 0.0 0.0 0.0 
6.0635880098502275 10.758937666103947 -15.146868775710763 84.63624267927206 0.0 0.0 0.0 0.0 0.0 0.0 0.0 0.0 0.0 0.0 0.0 0.0 0.0 0.0 0.0 0.0 0.0 0.0 0.0 0.0 0.0 0.0 0.0 0.0 0.0 0.0 0.0 0.0 0.0 0.0 0.0 0.0 0.0 0.0 0.0 0.0 0.0 0.0 0.0 0.0 0.0 0.0 0.0 0.0 0.0 0.0 
15.113419517983756 30.434619362561566 6.065034518157197 -14.04083147064429 85.58576367489168 0.0 0.0 0.0 0.0 0.0 0.0 0.0 0.0 0.0 0.0 0.0 0.0 0.0 0.0 0.0 0.0 0.0 0.0 0.0 0.0 0.0 0.0 0.0 0.0 0.0 0.0 0.0 0.0 0.0 0.0 0.0 0.0 0.0 0.0 0.0 0.0 0.0 0.0 0.0 0.0 0.0 0.0 0.0 0.0 0.0 
-6.750258434483828 2.700703863465191 3.8204591086405437 -63.36337851334479 40.710737004687694 97.01196019115271 0.0 0.0 0.0 0.0 0.0 0.0 0.0 0.0 0.0 0.0 0.0 0.0 0.0 0.0 0.0 0.0 0.0 0.0 0.0 0.0 0.0 0.0 0.0 0.0 0.0 0.0 0.0 0.0 0.0 0.0 0.0 0.0 0.0 0.0 0.0 0.0 0.0 0.0 0.0 0.0 0.0 0.0 0.0 0.0 
-12.276759658712761 -37.93482265516966 -15.085021809730302 11.576169262179379 7.1140254673337 1.8757217400575152 68.52471133904395 0.0 0.0 0.0 0.0 0.0 0.0 0.0 0.0 0.0 0.0 0.0 0.0 0.0 0.0 0.0 0.0 0.0 0.0 0.0 0.0 0.0 0.0 0.0 0.0 0.0 0.0 0.0 0.0 0.0 0.0 0.0 0.0 0.0 0.0 0.0 0.0 0.0 0.0 0.0 0.0 0.0 0.0 0.0 
23.84459294643781 25.31030608701413 -16.347406230481365 -1.3287052297777087 23.035620245060308 -15.125431855095892 -6.686032769126333 77.98279144998286 0.0 0.0 0.0 0.0 0.0 0.0 0.0 0.0 0.0 0.0 0.0 0.0 0.0 0.0 0.0 0.0 0.0 0.0 0.0 0.0 0.0 0.0 0.0 0.0 0.0 0.0 0.0 0.0 0.0 0.0 0.0 0.0 0.0 0.0 0.0 0.0 0.0 0.0 0.0 0.0 0.0 0.0 
-5.561646254564516 -11.474290861546992 -9.348396797954887 1.6574675980365712 -18.163356033468606 12.426966989590357 25.04903973049531 -12.622933136165754 80.00640438815724 0.0 0.0 0.0 0.0 0.0 0.0 0.0 0.0 0.0 0.0 0.0 0.0 0.0 0.0 0.0 0.0 0.0 0.0 0.0 0.0 0.0 0.0 0.0 0.0 0.0 0.0 0.0 0.0 0.0 0.0 0.0 0.0 0.0 0.0 0.0 0.0 0.0 0.0 0.0 0.0 0.0 
-16.827325901692223 8.203132655272974 10.442132708038926 -28.49961256914706 6.109483641118628 11.848224614608966 14.85939509858185 -10.339099161722238 10.430663165703754 54.2253354746877 0.0 0.0 0.0 0.0 0.0 0.0 0.0 0.0 0.0 0.0 0.0 0.0 0.0 0.0 0.0 0.0 0.0 0.0 0.0 0.0 0.0 0.0 0.0 0.0 0.0 0.0 0.0 0.0 0.0 0.0 0.0 0.0 0.0 0.0 0.0 0.0 0.0 0.0 0.0 0.0 
-2.6273339009634493 -17.119769142175304 6.256290077573407 -10.981548127758648 1.0696515384061362 15.549896346959406 -9.295288018184932 -1.8335945405567535 -11.099769860249719 -7.753060220739667 50.59809745678937 0.0 0.0 0.0 0.0 0.0 0.0 0.0 0.0 0.0 0.0 0.0 0.0 0.0 0.0 0.0 0.0 0.0 0.0 0.0 0.0 0.0 0.0 0.0 0.0 0.0 0.0 0.0 0.0 0.0 0.0 0.0 0.0 0.0 0.0 0.0 0.0 0.0 0.0 0.0 
-0.42674143721729885 -4.871179978934281 -3.5165848996872935 -20.658226415996438 15.95027496036601 13.071572404076411 15.822057086790892 13.395877690689789 -10.514452667564372 12.144732842430784 13.441585547871723 83.61561031347033 0.0 0.0 0.0 0.0 0.0 0.0 0.0 0.0 0.0 0.0 0.0 0.0 0.0 0.0 0.0 0.0 0.0 0.0 0.0 0.0 0.0 0.0 0.0 0.0 0.0 0.0 0.0 0.0 0.0 0.0 0.0 0.0 0.0 0.0 0.0 0.0 0.0 0.0 
18.669990314060303 14.230426052788008 3.5040280796442316 -10.436480567673534 -3.075167829696051 2.746693342589444 -5.118368492116443 -27.94299667265225 10.068361489183593 -6.878429876981906 7.141687976770922 -24.87301395603548 61.491796706288866 0.0 0.0 0.0 0.0 0.0 0.0 0.0 0.0 0.0 0.0 0.0 0.0 0.0 0.0 0.0 0.0 0.0 0.0 0.0 0.0 0.0 0.0 0.0 0.0 0.0 0.0 0.0 0.0 0.0 0.0 0.0 0.0 0.0 0.0 0.0 0.0 0.0 
-11.521643739123835 -10.33102544696678 3.3431146539145415 19.039580806586716 -7.771056168334365 -18.383428929830433 -11.653686297537408 -0.08065677505113981 21.232101764788442 20.341282428418396 -5.919765149121446 -7.687760159750255 -13.498372543029069 54.03867576630968 0.0 0.0 0.0 0.0 0.0 0.0 0.0 0.0 0.0 0.0 0.0 0.0 0.0 0.0 0.0 0.0 0.0 0.0 0.0 0.0 0.0 0.0 0.0 0.0 0.0 0.0 0.0 0.0 0.0 0.0 0.0 0.0 0.0 0.0 0.0 0.0 
10.700426665469568 26.54065424619581 -0.06456669550768156 -15.662287238717532 15.89871161549844 8.697924999663316 -6.122077271802516 0.38002465572833355 -1.0839922595492582 5.182893449615708 -15.538823278234137 -25.88293602158612 7.946468169203916 -7.575269223615581 54.7567105637576 0.0 0.0 0.0 0.0 0.0 0.0 0.0 0.0 0.0 0.0 0.0 0.0 0.0 0.0 0.0 0.0 0.0 0.0 0.0 0.0 0.0 0.0 0.0 0.0 0.0 0.0 0.0 0.0 0.0 0.0 0.0 0.0 0.0 0.0 0.0 
15.909580154205534 -10.52633437937897 9.946739573678713 20.395870075682257 -2.540882233308022 -9.569112925128692 13.376781260174264 -0.48308719295706926 -17.58209794865061 -10.675138060510875 9.35739187981338 -5.530465176860812 9.39378541601411 3.3669006918047124 4.950920568492347 44.83035731050127 0.0 0.0 0.0 0.0 0.0 0.0 0.0 0.0 0.0 0.0 0.0 0.0 0.0 0.0 0.0 0.0 0.0 0.0 0.0 0.0 0.0 0.0 0.0 0.0 0.0 0.0 0.0 0.0 0.0 0.0 0.0 0.0 0.0 0.0 
-19.563512843927757 -19.310311856559675 4.411517248525728 18.258303703246952 -14.164686485681175 -35.56650977076475 4.8930996617054126 -33.929691942145276 -9.435334054919092 22.7613217409212 5.68646178667206 3.6245932056048797 6.250833435427225 1.908845823751348 -17.247136685621733 -5.4390958677011465 59.76877891930988 0.0 0.0 0.0 0.0 0.0 0.0 0.0 0.0 0.0 0.0 0.0 0.0 0.0 0.0 0.0 0.0 0.0 0.0 0.0 0.0 0.0 0.0 0.0 0.0 0.0 0.0 0.0 0.0 0.0 0.0 0.0 0.0 0.0 
-4.750794131283392 9.126413058764912 27.173214237237275 -16.841440000830712 0.22421305695722799 -5.587881759148895 -29.271017067344374 -11.157114805242339 22.60314395330134 5.761862158297616 11.110446589224683 3.873430442992096 -2.6088112406889747 -6.597345160545509 -6.54973140375176 -4.014186677472624 13.044913278644378 51.676674120284865 0.0 0.0 0.0 0.0 0.0 0.0 0.0 0.0 0.0 0.0 0.0 0.0 0.0 0.0 0.0 0.0 0.0 0.0 0.0 0.0 0.0 0.0 0.0 0.0 0.0 0.0 0.0 0.0 0.0 0.0 0.0 0.0 
6.907614399801765 -2.3736655273499037 6.997343628829193 -7.515084689572132 1.457167722000125 18.510935389187033 14.856780134516027 -5.317343320407697 26.368561543451438 3.0520321142105193 -22.471439774775497 29.54668538356169 12.079592311217988 11.844457037247361 -1.8623983083894513 28.824574974028668 -6.75545784278958 -21.832248133518092 61.86587896346436 0.0 0.0 0.0 0.0 0.0 0.0 0.0 0.0 0.0 0.0 0.0 0.0 0.0 0.0 0.0 0.0 0.0 0.0 0.0 0.0 0.0 0.0 0.0 0.0 0.0 0.0 0.0 0.0 0.0 0.0 0.0 
-7.1521124361187445 28.13073814211188 -4.717604085615346 -4.538794089915191 -11.89801686029109 24.85761035299223 -23.922191169465908 -2.9335751114465825 -13.518755906564161 -8.776775619968271 21.58897305441956 -15.302980000771834 5.022522755329452 -24.738926941573943 1.3158471164440098 -2.069452059787018 -4.079137892399087 1.7117368679760914 -18.06480952668123 63.24635385510254 0.0 0.0 0.0 0.0 0.0 0.0 0.0 0.0 0.0 0.0 0.0 0.0 0.0 0.0 0.0 0.0 0.0 0.0 0.0 0.0 0.0 0.0 0.0 0.0 0.0 0.0 0.0 0.0 0.0 0.0 
18.356722300561266 -18.718430990269834 -30.79831391649443 8.658499042910973 -33.649908510122046 -4.4151917691602565 4.459048686081487 -4.0393556204068135 1.5922219888103148 -8.2905973418867 -16.450653117055918 4.786584966130995 8.847920092784637 8.370911638455452 5.041842744235022 -1.3965655304670177 -3.402106087518561 -4.8990912290861806 14.232113645575847 -17.12278579777352 51.621480866547046 0.0 0.0 0.0 0.0 0.0 0.0 0.0 0.0 0.0 0.0 0.0 0.0 0.0 0.0 0.0 0.0 0.0 0.0 0.0 0.0 0.0 0.0 0.0 0.0 0.0 0.0 0.0 0.0 0.0 
1.9611753932855924 35.10276565078003 8.386775518579812 -54.729834363831806 36.19411906624007 24.115996666648687 -15.415003902519494 27.90744023863347 30.116528408347687 3.7593834995147324 -21.21719944117194 -19.538628497687014 -9.281977738813168 -2.9480207045042692 7.015968093242889 10.875810364738895 5.711692062351488 9.347064136807258 25.459164059259127 -4.490375048740226 6.087451274330271 49.272609798166656 0.0 0.0 0.0 0.0 0.0 0.0 0.0 0.0 0.0 0.0 0.0 0.0 0.0 0.0 0.0 0.0 0.0 0.0 0.0 0.0 0.0 0.0 0.0 0.0 0.0 0.0 0.0 0.0 
10.49620853836481 -7.167658244612419 11.207897784346079 -14.678928237135832 2.2127179809170685 -7.19708683873754 -1.8398223506194842 11.366794043637316 -15.359751193848293 -5.251632806324561 -7.931668932242361 -19.840545510954804 -3.180674783644501 5.454922882251383 18.589625593699438 -2.584004584534944 9.024330353421389 16.76170865228796 -2.9622149076084665 -23.775093931947914 17.401511473819365 24.818921476458698 46.68399112458962 0.0 0.0 0.0 0.0 0.0 0.0 0.0 0.0 0.0 0.0 0.0 0.0 0.0 0.0 0.0 0.0 0.0 0.0 0.0 0.0 0.0 0.0 0.0 0.0 0.0 0.0 0.0 
-6.1192072489808504 25.68999657991593 13.336032083791512 -15.278105721027774 21.597778222176263 2.4306923530310254 -24.85267704573756 -2.5185582585519373 13.875344064205226 5.12861807210243 4.312537437280161 -18.07268751986333 27.345059503666363 5.089613801621174 0.4631458862328987 4.5483263836789405 12.330181611830062 16.60605552272733 12.230599910448714 0.28386431053333877 -6.195751923654757 -0.2933604587748537 14.427486297331436 45.02005541651607 0.0 0.0 0.0 0.0 0.0 0.0 0.0 0.0 0.0 0.0 0.0 0.0 0.0 0.0 0.0 0.0 0.0 0.0 0.0 0.0 0.0 0.0 0.0 0.0 0.0 0.0 
12.846059084652387 39.443327920612646 3.6072267708137127 -37.39673682331325 24.124364803453222 -0.9836173202923109 2.5754139746526783 18.056169910383097 8.298747217843262 27.448978978812605 -4.406862396193277 3.825834082781089 -5.741550977746428 -5.833427102380091 13.06496230889699 10.390091056026469 12.801858747360196 11.88383647082386 2.07157188994173 -11.402715210064706 -7.3928175736116915 8.145708339892334 -1.573644300254432 -14.803861691416726 47.613400552332344 0.0 0.0 0.0 0.0 0.0 0.0 0.0 0.0 0.0 0.0 0.0 0.0 0.0 0.0 0.0 0.0 0.0 0.0 0.0 0.0 0.0 0.0 0.0 0.0 0.0 
32.384393437903974 0.618532828560383 13.48820787394558 8.819513745132847 -30.404314534116764 -6.314312615241272 -9.497575245736405 -52.59462584007878 -30.568662403892215 9.105782548957103 9.868516183018405 -22.718157100922614 15.602943971445882 3.0740953459709206 2.657707904866376 -6.582868658736096 9.247527798267143 -10.89375706512017 -3.455992515168779 -21.68075120540936 9.63587134075148 -7.827608323361664 23.72352823280931 11.266561083715272 -7.127230388024475 46.19518933834048 0.0 0.0 0.0 0.0 0.0 0.0 0.0 0.0 0.0 0.0 0.0 0.0 0.0 0.0 0.0 0.0 0.0 0.0 0.0 0.0 0.0 0.0 0.0 0.0 
12.61031351809482 -22.59744995225117 7.522172832547132 31.93413846114497 -25.258410899320186 -1.2143874031816486 -19.678123908462183 10.837788011255679 -15.83820268132809 -29.263452320703593 -1.5373725309116875 -11.109674120105234 17.64820345074058 10.647460428872103 -1.139940851501752 2.2831187844602936 -3.538533756244628 -12.264656344505164 18.936958759505075 17.865737762250678 20.50696000166736 3.246554898023693 -4.819760504779091 5.379278577059739 -20.01087080881216 -4.889451775959489 48.9088139656559 0.0 0.0 0.0 0.0 0.0 0.0 0.0 0.0 0.0 0.0 0.0 0.0 0.0 0.0 0.0 0.0 0.0 0.0 0.0 0.0 0.0 0.0 0.0 
-4.553248319699035 4.098984664960786 -1.5314040938616462 13.485761590441868 15.729247807813993 -24.474135275244464 -2.125160935512917 20.759871878830815 22.26115186500301 1.590666685477524 -11.857719418438899 -12.84970947878457 -29.276345834996352 18.150714701561242 6.4017285938361725 28.280896400190773 -5.917763640831327 27.67432911379256 -10.366570584896946 -10.653209948647575 -6.33242566183445 10.254151752985418 2.687987066544605 -21.20481810324359 6.6917761432423 -3.6636895898614585 7.517883593137909 37.078858185540135 0.0 0.0 0.0 0.0 0.0 0.0 0.0 0.0 0.0 0.0 0.0 0.0 0.0 0.0 0.0 0.0 0.0 0.0 0.0 0.0 0.0 0.0 
3.6834492345995913 -16.955932358785947 7.577034886164052 -33.78938364349274 31.94083250147337 13.67099749547146 26.799997392355667 -9.854172149561995 14.240124624028295 37.711970269970664 -7.112021317117333 4.551365951332687 -0.48084923952858344 -6.83048170878599 14.95706525250039 16.256153088883348 -7.744514135603838 7.1694651384188175 -22.403571676747774 -6.162590032718543 -18.1714120771926 -7.622726227807936 -12.204483330100913 0.9293296447047608 16.48592775765546 14.651602477237121 -17.511716965583172 2.937981945441154 39.52464324442577 0.0 0.0 0.0 0.0 0.0 0.0 0.0 0.0 0.0 0.0 0.0 0.0 0.0 0.0 0.0 0.0 0.0 0.0 0.0 0.0 0.0 
12.771252956424485 -3.7466065120611063 -5.291798921847639 25.165966045539967 -17.166675874909455 7.063116391585997 4.575932047966181 -9.37952497662336 -33.26887396257016 -9.022554768703804 27.245550100211304 0.044908130438186165 -3.40328282641435 -17.424217510053268 -0.6078262253317439 -11.653225260870881 -1.6783178190951151 -13.203976630152697 -14.587430669413086 28.458269244742112 -11.887691261276398 -16.06046475899627 -24.94569600200306 -9.38534100428066 -4.997700927291747 5.814587900706784 -3.117756016061936 -15.107337778760874 2.702151525868793 33.26070225775599 0.0 0.0 0.0 0.0 0.0 0.0 0.0 0.0 0.0 0.0 0.0 0.0 0.0 0.0 0.0 0.0 0.0 0.0 0.0 0.0 
-6.311360229001934 -34.58357430603724 -15.496527712303134 7.473431935063983 -28.665975188524094 -24.896999732107073 26.540750262821614 -40.39810776276276 28.58575399206646 22.256610758046616 -1.2179096830123106 -16.48732667822136 -28.629760537104755 17.636782048396796 10.702369013851975 10.07535399740816 0.40078661772668284 -1.1544183431577182 -2.5735457492941656 -38.71603802277141 -6.160338370513502 -3.9113267646284267 -8.219685716618166 -7.887835518983613 8.577489305113737 -17.538235193362905 -13.725154109604338 -2.2815725194293774 18.75753270841613 -4.6109374409593595 43.09780318839538 0.0 0.0 0.0 0.0 0.0 0.0 0.0 0.0 0.0 0.0 0.0 0.0 0.0 0.0 0.0 0.0 0.0 0.0 0.0 
16.688160635913352 20.565288512586186 15.862377083783484 -5.804286341828726 -11.625273633487316 -29.407507260730114 26.20835098985625 -4.263651785191226 16.57551868041641 5.0671553617416025 -22.777894252620346 -19.706153001449728 8.704728035285601 12.586564973687072 2.9627968617376816 11.136019086712391 0.45512849838836617 -5.986112061399452 14.305082070088227 -37.615684530868705 2.756812554842024 15.081258166789302 22.699995784644866 5.852810492663671 6.5956353133352605 7.827297094977927 7.308259181514264 -11.62541848694381 9.01076321427411 -11.16088210508172 10.292330919101405 40.57626975651855 0.0 0.0 0.0 0.0 0.0 0.0 0.0 0.0 0.0 0.0 0.0 0.0 0.0 0.0 0.0 0.0 0.0 0.0 
3.155228117324676 29.03572728183195 9.056878895506605 -28.56929978991574 18.87502115236048 15.965915049704265 -19.06020232597068 -12.66701931821908 -8.731237745205206 17.075015911222884 7.0601950334836365 -8.784082956336526 -9.351348864135637 -13.982965116879743 -8.575192396778936 -9.372627987123007 4.6918044135274615 7.384549852932494 -17.744599023158283 -8.31771914223386 -18.104935270103386 0.10935503346497515 -5.231442478619845 -1.3510540171548768 8.569104251151337 11.96782021059292 -9.893247585818402 9.114937148155636 0.03468614997629835 6.845933499590148 4.163735542001809 1.42959311091496 33.15647617241351 0.0 0.0 0.0 0.0 0.0 0.0 0.0 0.0 0.0 0.0 0.0 0.0 0.0 0.0 0.0 0.0 0.0 
5.812282279985683 21.58181295310552 17.978332528693958 1.7839225928829825 32.395279428768895 -5.1190007623688825 -6.324984487255474 29.87042572280061 -8.057451970619338 7.025080489578869 2.7019376912348285 0.578694788387361 -15.144694659788358 6.169160582858588 13.757694025299777 20.35174685740623 -15.035579350787248 7.346954849970375 -11.6221596736497 5.812445112752854 -24.346568325207336 -7.423789129058028 -10.865265833068698 -5.615636450851841 -5.342911369435687 12.561525535529569 1.7546841909652495 9.170977001205895 18.550131309682584 -11.821433761055172 7.2616499909379435 -3.08887353869991 -10.582026026172013 37.98246792715306 0.0 0.0 0.0 0.0 0.0 0.0 0.0 0.0 0.0 0.0 0.0 0.0 0.0 0.0 0.0 0.0 
8.153918611261254 21.202988427908753 18.977925332667915 -17.96681714634758 12.44728991684743 6.278299603286431 -18.341627165284855 11.140543163680398 -27.882900757761746 -19.671273023681575 10.5639482533685 -1.1772742244659797 7.2208673268120265 4.764984182806109 -5.31545073139381 -0.5238506485169252 -11.844610930694502 9.29861294335727 -9.67997689813711 7.018916341147911 -4.823284631264976 -12.494998049737548 -5.78992225094047 16.673875638760624 -15.096141314148282 2.5476090244227905 1.9398652989513496 -3.3848494209180164 -1.5117897370775646 1.0417618296238653 -2.0321929431288805 -4.257679491863109 -1.1676393191329786 6.108372148511112 29.6632899469702 0.0 0.0 0.0 0.0 0.0 0.0 0.0 0.0 0.0 0.0 0.0 0.0 0.0 0.0 0.0 
5.192225575373538 -9.417751839206998 14.438020716418805 -21.81748886302004 -3.420391955007305 -3.5965189482949427 -6.578527056484653 -10.860193365678612 22.219868104526423 14.110889652144637 -0.3735565917740924 8.49509007613674 -11.542137399982561 4.1239824137976395 -9.09680999737633 -5.977755796454818 -9.414781845131678 5.143122131052805 -8.810480498508163 -1.368166393343055 -12.99934046678461 -7.93180178549885 -7.105587717400806 -2.5952596747230237 -4.8283755906937955 5.823436946806703 -4.597522414976804 5.4877958781731735 4.345261047298721 -8.120327362527442 9.621868964888804 2.779037386999803 3.108472658761912 2.92039741908176 8.094143081721084 28.565713057831115 0.0 0.0 0.0 0.0 0.0 0.0 0.0 0.0 0.0 0.0 0.0 0.0 0.0 0.0 
-1.5476418888635073 -24.623597873548544 0.41806559413745237 1.239520903261268 -15.539414230246273 -6.7307869066465145 11.862606287284189 9.427672326699803 4.513241732066436 -17.15264621922873 3.536396288070223 -9.006968737376415 7.297008168804868 4.885865116559124 19.729896517154923 2.185306120837497 -4.038775295435126 5.645253715636036 -14.495593788374123 -1.8850354898403772 12.012730492597848 -3.597464469040943 7.825827672916512 -2.17154300124848 -14.41779987852536 1.9292987594493507 14.273379469389313 10.425069503651246 -10.375673713695738 -1.7590892699575833 -0.9878187677588673 -7.304212969013023 -13.612391957017607 2.5321163046256525 0.0797221018024709 -0.31739801692313946 31.016805457013874 0.0 0.0 0.0 0.0 0.0 0.0 0.0 0.0 0.0 0.0 0.0 0.0 0.0 
4.255119404058093 17.432128035013076 -0.9455440967647574 -3.5090903639977684 -11.262074736803498 -9.013489330148788 -24.23860632624539 19.815856727704336 -15.991716428059922 -0.04444293965845361 -2.750364242548605 3.502175722356443 -35.60696257166143 6.460357009176514 -6.442177639095959 3.9448214808594453 -5.281296268923678 3.6499512932629568 6.04210859742577 -11.134349266631466 9.913621941343361 -12.207568333501175 -5.084854924167543 -17.470456618422276 24.776142653880456 -13.519865688944456 4.520732663650834 -1.5564913671448488 -5.661134549001771 1.143289469110958 1.1609559576999793 0.24543587844398976 9.445076998109236 -1.1470397576083105 8.595746493891196 4.067205601130775 -8.822610437722277 32.5261927560841 0.0 0.0 0.0 0.0 0.0 0.0 0.0 0.0 0.0 0.0 0.0 0.0 
-2.2910127600069097 6.291898265242313 10.913136442913784 -40.512948607635934 19.121903551663706 18.169350257770734 -18.03291108003076 1.2638794036769159 5.894088829304505 -16.023594401730186 5.703600327510962 5.240103468996799 -11.410100318475456 -14.52985889425684 5.642192752483189 7.6382372902245175 -0.4600749306770369 10.991628416476289 -3.433692207208937 8.185195557324262 1.3212492502993531 -1.4640605659426016 -7.666878153487892 3.3284314840291853 7.509949929126864 1.1004957447134511 -1.5469555564215236 -5.606239750479846 11.199493693935752 -0.4643658205300066 1.6525071813237182 -8.98647467941435 3.641863056849853 1.0399303953090895 4.620816376212689 -5.9949937067365315 -3.7103228765992586 3.73874662302841 39.071779965595155 0.0 0.0 0.0 0.0 0.0 0.0 0.0 0.0 0.0 0.0 0.0 
14.828820071058924 -21.85237788520547 -9.291312202960292 20.779377653219836 -22.59844720329928 -18.531678914690474 -0.9566441644394832 -14.695281810635041 -32.88315399742834 -15.768268223532596 8.221035897156318 -1.7193071624528125 8.613116849767392 -21.188991664108254 -7.297565412818542 -12.21766732354325 5.980954015720352 -16.060063035899443 -3.166551143246302 16.081841733548014 0.11140180433602014 -7.154149085972823 -10.67331626626384 0.11055604567130004 1.7180322421434804 5.802434515742506 -1.6561139215441816 -9.710989533064087 3.221424745182021 3.7251560344590993 -4.872380537923614 -8.880327391286977 0.9329657213487322 1.363479530667147 -2.7289435577062178 -2.1734387765448173 6.766135100420908 -1.5342650621764027 14.425394388698042 33.159496758834095 0.0 0.0 0.0 0.0 0.0 0.0 0.0 0.0 0.0 0.0 
2.02715866535003 -2.1290850498795884 9.434322608503573 0.7945883802206443 19.69294670968567 6.434981416495508 -2.426250604163559 18.470973594767326 13.558430103264882 10.262712188610607 9.65699635046763 26.948278490203226 -5.345570933410113 -4.3851712135886975 -10.427305614739321 -2.6368616189549186 -5.47237461761161 2.8341394265129596 5.176196300189008 -14.883192047404743 5.761684108849232 0.6207757526916646 -0.4480095913601435 -4.619013313999944 9.049638272836555 -6.045612990093469 4.903494903443051 11.278686029167368 1.3303187152814544 -4.7801490969126075 1.2051947477283358 -4.479149546191192 -0.06980069479203643 4.790542504221744 -7.657656996690973 5.820608504315403 0.6710241471095197 6.993891591283453 -3.2420197168790046 -0.5768697299292154 23.467699790086893 0.0 0.0 0.0 0.0 0.0 0.0 0.0 0.0 0.0 
9.96366923609994 4.167724170747755 13.233399722319467 1.6188012227590534 22.634423181717157 3.6453692722546442 -9.736100349302578 27.660139989925913 -14.933634083298218 -2.288078547622878 5.371570044873728 9.441354674241131 7.100455360258501 -5.796439225240406 -4.5501237614847625 -2.9291985989962557 4.471415715921844 -4.09412479564873 -0.34344689147900676 17.96814014353637 -11.572331834202599 8.999138379500717 -14.84269637767492 -9.181288645224893 -0.1451070205838177 -10.929556055309364 14.072644875666061 2.588405074727447 -7.761457061398888 2.4142039305577327 -3.5038119690993472 -1.7919561762067469 5.678151077360983 7.209600508007711 3.550626845879181 7.381540119958539 -0.07425003776244253 1.6662222658063777 7.610890689719099 12.058511136240845 3.4864556768004324 24.71845915552352 0.0 0.0 0.0 0.0 0.0 0.0 0.0 0.0 
-7.2903954880479676 -17.317104199277267 -2.383001309955405 -10.728661517166723 -13.095116002212182 13.093132958214811 4.208296073890034 -23.455124296078267 -0.3539773628545324 -19.106266212280048 -3.663049741855304 -27.936300552160464 15.986080249376338 2.0349793983993996 7.152121005425334 -3.422673482275831 12.587569434996187 -11.383255178589602 13.103800622550798 4.617351132371223 -7.51385559173723 12.628675116111324 -20.398857300600568 10.352631613526164 -1.6524098156013949 -5.7612312882106265 -8.01236021870312 -1.6914078257327563 12.659526048582908 0.009260623747209061 -3.1681240123693186 -7.143905057249261 9.770653524298828 -1.407038374696753 6.3492221354986915 -3.9880478194111095 -10.611518527922941 0.14710155478630352 -5.064858616867871 5.18582114946626 -1.2530429185726557 -6.739334525107053 30.030598415872067 0.0 0.0 0.0 0.0 0.0 0.0 0.0 
-27.063070983465344 -20.6974715103997 9.261638100415803 -0.33693909749852113 12.912976601799862 -0.734250624780831 25.30557901430664 -35.19604758966777 9.152405269479102 17.317767966409534 -25.48522241836024 -6.782378559995955 7.575743154389224 -7.897557702823409 -0.08318109530559462 3.3235419936256947 -17.915531036025023 -8.631971005326363 -7.9593296262207 -8.595435506477292 -15.814468431225356 -16.02915277709516 -15.06431213346043 6.913060871428552 -6.084425095360491 -6.80203789975356 -25.25644280270226 -11.747964851842736 12.54667234922484 6.199849023541965 2.9039156827380173 6.938903357874318 9.047875859558106 -7.67098499596259 -7.560015365581053 -8.817051720029028 -0.44567509078936973 0.44442336199133664 4.48854237182461 5.655298030062645 -1.123471220889217 -5.492750556100994 -4.977619772665612 28.22350605314781 0.0 0.0 0.0 0.0 0.0 0.0 
19.62156200673751 43.38385832670177 19.99972343583933 -11.607125219972708 21.024829106984342 -19.51910325758306 -26.955786523635847 22.908145209899693 14.907476469454336 -0.2823932647148786 -14.856072257780566 -8.233071986348087 4.514769562033368 9.201137365478909 -4.057984455634927 -13.756072364239282 0.806732451962954 15.039197688785798 16.799218676923992 -0.9149009343947729 -19.814401712233963 14.417026314622932 7.7710007175101765 22.406694199864063 -6.246210710457949 -1.5501842265705197 17.176371360449448 -11.475460361205084 -2.257096563416975 -0.9633468230547966 1.6872029115083897 -1.852163670608975 -1.6240717432687815 7.676125991185827 7.212746971687328 15.831686488412217 3.1273759831060506 -6.700867688666547 6.748474269892332 -2.336779148255962 0.1222212066570542 -1.9812629620926834 2.158360200166238 -10.75637117138637 34.02424542097938 0.0 0.0 0.0 0.0 0.0 
0.6676239445100061 7.2625631590602815 -11.72985945446322 32.89695657440492 -20.648898531048918 -22.598463740985427 6.259803665221034 -14.827813342805548 -12.227659643106437 -2.3236667245973543 -1.1938294607790638 -0.09105347863763917 7.398949688050147 -7.222022888747879 -5.967551752940145 3.9607503254045358 12.587159142003625 -0.7782025172325603 -10.651210495700209 4.661585647452336 -15.729793134734177 -15.418377578927078 4.764761053422195 11.141345287787999 7.699974893633157 8.110617324571733 1.3990254370389754 -6.608596252825921 3.4510392649665746 -2.0837557344454836 -3.87179660909689 -2.2335453090757933 -0.517317317497252 -7.9869586777767125 -1.6752741611655595 6.695300242299997 2.306401390573822 3.2977961729551173 7.051968781899954 8.888596390727267 0.1678404199755002 -6.465458842181439 7.031200523238525 -1.479178143828101 5.716810589398334 30.277296752158655 0.0 0.0 0.0 0.0 
-18.650639701386417 8.41427146370883 -1.9257657376659694 -16.30512499840878 -15.697963716371223 -6.3935729176875125 10.45859509514932 -6.636160822084785 18.96916015054297 19.08651595772411 -1.5969890586142923 -8.257166520880405 -24.31984452202451 23.329736147698462 4.746352176390787 8.228996820517404 -24.385264637536803 9.829827470060685 -9.968124314733933 -15.079830579307586 -0.25961271338071207 -17.54481888734408 3.7948846544752697 8.899237148565884 19.776064761733494 1.9459017240988161 -1.373825768349339 2.90882580900579 4.877794366045843 -12.22195758045546 4.838062185042767 3.5505847553209824 1.6214494320521728 2.2502436190807815 13.901275192275232 1.9767990866582672 -16.446834421013143 1.5707437111648141 6.89290193474263 -10.971714123468653 -0.3598417350448389 0.9574551265683442 -4.481161854476173 -1.8677400119306728 0.08809158736687257 -5.017596094600832 24.21860388947434 0.0 0.0 0.0 
-21.45767513762699 -23.79192205394461 -0.7535094306340834 66.64555387411885 -64.35276965778087 -51.86691269705523 18.397929335372055 -40.54360630027352 17.995090362371275 8.243733095064623 -17.611743157577717 -2.473594602134403 0.7634902235054675 20.679686249682295 0.9853675003106107 -11.5945697340029 -5.293908837728887 -11.938263728850439 11.297947502927917 -0.9905089398754161 8.043167929879333 -22.53247711064598 -3.266302308195711 -15.045439039094788 9.016732308070539 -11.948833255258277 2.0628857462346253 -2.0363410127274686 -2.050087269998265 4.9881239371216575 5.635829833296612 10.978707469111416 3.1935866117303195 -14.231478743814428 2.4489461251331806 -1.7864305711206254 -3.417301173959154 -8.720957416949672 5.476979131189593 8.111338018535848 4.6232107272265806 -4.373629844693098 -1.5298648877408527 4.702130610982449 -1.6637932416171297 -1.189649613082116 8.868783732001079 30.169216633305815 0.0 0.0 
-10.596827682597912 -0.2653489847548938 0.40273019026857565 -2.464426203914304 33.28865917532443 8.941686827036472 12.983237283769878 6.582323690423798 3.115000852537454 -15.879661644150014 3.938624457109443 7.235634121903431 -0.765502150671326 2.180319871531323 2.855589089196973 6.8337205267284595 -3.545722628997395 7.4101625236494115 -6.496219200190579 12.453469018943006 0.08805627809776287 4.218520293927239 -4.621602231222931 6.633164369932708 4.945102215856331 -6.506018237977804 7.2264927400839225 6.787653665978237 -0.05081265158068511 6.9756521527100395 -2.413431212599627 1.5847727068398159 -4.058459006932482 -4.955859876117479 10.425149878503063 3.8947942386214978 6.642202468438345 0.41549970997276936 2.328666637157864 -5.7183460559209625 0.7170864967962355 -1.899523737982055 4.409224402120305 -3.993221830877863 4.099775845001061 -3.7561918007051553 -2.300991828379558 0.5983355202246475 23.323483735170925 0.0 
1.0691455064771545 3.876950848387858 9.534270694442673 -14.237319064123701 -13.649270876508135 12.600130969280281 -7.188776129537545 -4.008847801758211 19.516005281495804 8.897200403665156 -1.9020383230492919 26.76021703060969 21.636073720134494 7.83356563690617 13.718094360868003 -3.9333109299365097 7.637620701614206 18.715355726020967 11.433996992567371 -1.6106266838142365 22.755980970785693 -0.2548788765750368 15.061277616754165 11.705957937785907 12.010404963838175 -2.838771634048591 17.21781589804517 -7.114051229379193 -2.4276306587457332 8.31511655478585 -4.213121831904553 2.2367155908969405 0.08090760096521885 -5.465603019407117 0.35243783956945635 -15.7791200654227 5.2634255439640345 4.015790499052348 8.92713791872199 -9.798223833793035 2.793090335871862 7.93104511221411 -9.25464032598511 -4.289134356041529 -0.5517531605959568 -9.327791851572204 2.9662208278232582 1.771605672126503 -2.2526554531870016 25.063564807580967 
