-0.49863566902443673 0.10451403664815298 -0.08765705428078101 0.2866257912737384 0.19824143017430151 -0.16485613317143094 -0.8599418296728447 0.15244327864957444 -0.058580496855511886 -0.10344506565681373 -0.16468866980020874 0.03749944767132506 -0.5559089613301978 0.061161504463784266 0.1605370001450315 -0.23259669822047807 0.3779389687854274 -0.37378124825129627 -1.129900719871364 -0.027255836366026364 -0.6827513559719816 -0.1182306115379533 0.13657567777302224 -0.03801614252837913 0.040732443343441914 -0.7715409303666849 0.5361902109074611 0.01564393144350748 0.38220548657434844 -0.6173664964320493 1.9144073407785955 0.5765159561294012 0.19886976560839317 0.09277648738187773 0.3319315326270443 0.13524842731937697 0.194681306008126 0.1986312727462681 -0.12426244363431997 -0.08707773372937133 -0.461514945695848 -0.09120292453290041 -0.07725895748783611 0.28106263469331355 -0.05427174482899309 0.48647469042029534 0.00992693430521373 -0.08806079883962835 0.012171892630446404 -0.1525517725112585 
97.13169168026883 0.0 0.0 0.0 0.0 0.0 0.0 0.0 0.0 0.0 0.0 0.0 0.0 0.0 0.0 0.0 0.0 0.0 0.0 0.0 0.0 0.0 0.0 0.0 0.0 0.0 0.0 0.0 0.0 0.0 0.0 0.0 0.0 0.0 0.0 0.0 0.0 0.0 0.0 0.0 0.0 0.0 0.0 0.0 0.0 0.0 0.0 0.0 0.0 0.0 
-5.637238910187069 66.76275591660462 0.0 0.0 0.0 0.0 0.0 0.0 0.0 0.0 0.0 0.0 0.0 0.0 0.0 0.0 0.0 0.0 0.0 0.0 0.0 0.0 0.0 0.0 0.0 0.0 0.0 0.0 0.0 0.0 0.0 0.0 0.0 0.0 0.0 0.0 0.0 0.0 0.0 0.0 0.0 0.0 0.0 0.0 0.0 0.0 0.0 0.0 0.0 0.0 
-8.07108408797738 4.516201831841224 73.6502109507143 0.0 0.0 0.0 0.0 0.0 0.0 0.0 0.0 0.0 0.0 0.0 0.0 0.0 0.0 0.0 0.0 0.0 0.0 0.0 0.0 0.0 0.0 0.0 0.0 0.0 0.0 0.0 0.0 0.0 0.0 0.0 0.0 0.0 0.0 0.0 0.0 0.0 0.0 0.0 0.0 0.0 0.0 0.0 0.0 0.0 0.0 0.0 
-21.770894176955046 15.84384136818462 -23.71531233582102 67.06042646336665 0.0 0.0 0.0 0.0 0.0 0.0 0.0 0.0 0.0 0.0 0.0 0.0 0.0 0.0 0.0 0.0 0.0 0.0 0.0 0.0 0.0 0.0 0.0 0.0 0.0 0.0 0.0 0.0 0.0 0.0 0.0 0.0 0.0 0.0 0.0 0.0 0.0 0.0 0.0 0.0 0.0 0.0 0.0 0.0 0.0 0.0 
4.283389588769076 -10.07776376498786 -5.945730197332412 3.323190487101931 63.865635519764 0.0 0.0 0.0 0.0 0.0 0.0 0.0 0.0 0.0 0.0 0.0 0.0 0.0 0.0 0.0 0.0 0.0 0.0 0.0 0.0 0.0 0.0 0.0 0.0 0.0 0.0 0.0 0.0 0.0 0.0 0.0 0.0 0.0 0.0 0.0 0.0 0.0 0.0 0.0 0.0 0.0 0.0 0.0 0.0 0.0 
11.788568313319676 -11.144149431726772 -0.7218157577746745 -0.2786914293576764 2.2602697254723285 64.90859415589891 0.0 0.0 0.0 0.0 0.0 0.0 0.0 0.0 0.0 0.0 0.0 0.0 0.0 0.0 0.0 0.0 0.0 0.0 0.0 0.0 0.0 0.0 0.0 0.0 0.0 0.0 0.0 0.0 0.0 0.0 0.0 0.0 0.0 0.0 0.0 0.0 0.0 0.0 0.0 0.0 0.0 0.0 0.0 0.0 
22.934001741196962 -7.944433296976685 -16.175373698532994 7.96388679165158 -7.971632101658635 7.25968386079546 63.20221768667622 0.0 0.0 0.0 0.0 0.0 0.0 0.0 0.0 0.0 0.0 0.0 0.0 0.0 0.0 0.0 0.0 0.0 0.0 0.0 0.0 0.0 0.0 0.0 0.0 0.0 0.0 0.0 0.0 0.0 0.0 0.0 0.0 0.0 0.0 0.0 0.0 0.0 0.0 0.0 0.0 0.0 0.0 0.0 
-27.291607843946398 -4.469290838662133 12.61718477618931 21.338313609597087 8.528403666184209 -3.096506504290336 -3.513243374624769 69.37546451252759 0.0 0.0 0.0 0.0 0.0 0.0 0.0 0.0 0.0 0.0 0.0 0.0 0.0 0.0 0.0 0.0 0.0 0.0 0.0 0.0 0.0 0.0 0.0 0.0 0.0 0.0 0.0 0.0 0.0 0.0 0.0 0.0 0.0 0.0 0.0 0.0 0.0 0.0 0.0 0.0 0.0 0.0 
48.44946811857982 -7.011825127728603 -5.611142336476553 -18.100304338274473 -20.111601588010508 12.922434633421156 28.68398524310798 -26.404155226179885 62.668311334257375 0.0 0.0 0.0 0.0 0.0 0.0 0.0 0.0 0.0 0.0 0.0 0.0 0.0 0.0 0.0 0.0 0.0 0.0 0.0 0.0 0.0 0.0 0.0 0.0 0.0 0.0 0.0 0.0 0.0 0.0 0.0 0.0 0.0 0.0 0.0 0.0 0.0 0.0 0.0 0.0 0.0 
-17.44380412632886 -15.45944201070544 9.105827210755894 11.947345435703168 19.129156465522566 3.167852155043212 8.108162377943621 12.393957926755519 0.05618108029570481 44.741028504564696 0.0 0.0 0.0 0.0 0.0 0.0 0.0 0.0 0.0 0.0 0.0 0.0 0.0 0.0 0.0 0.0 0.0 0.0 0.0 0.0 0.0 0.0 0.0 0.0 0.0 0.0 0.0 0.0 0.0 0.0 0.0 0.0 0.0 0.0 0.0 0.0 0.0 0.0 0.0 0.0 
-8.223149014514062 -6.322714487964313 -42.555710821015744 19.39170038816842 -5.968479690124591 11.630977190248506 -12.14504185861901 -16.490480433272793 0.08994091409863682 6.586854916344731 59.94862718057127 0.0 0.0 0.0 0.0 0.0 0.0 0.0 0.0 0.0 0.0 0.0 0.0 0.0 0.0 0.0 0.0 0.0 0.0 0.0 0.0 0.0 0.0 0.0 0.0 0.0 0.0 0.0 0.0 0.0 0.0 0.0 0.0 0.0 0.0 0.0 0.0 0.0 0.0 0.0 
-9.085429621996312 -1.5883288262983657 -12.765733414201915 4.062119008250246 15.02282227390574 10.27024693168104 -29.213118775995387 -14.233550992573695 9.025955662789945 5.762694508649701 14.153306613264355 58.129711074576626 0.0 0.0 0.0 0.0 0.0 0.0 0.0 0.0 0.0 0.0 0.0 0.0 0.0 0.0 0.0 0.0 0.0 0.0 0.0 0.0 0.0 0.0 0.0 0.0 0.0 0.0 0.0 0.0 0.0 0.0 0.0 0.0 0.0 0.0 0.0 0.0 0.0 0.0 
38.01944910422844 -6.7513659477460415 -26.766684003070317 -5.082923148396844 8.374328612964542 21.243567052049745 -13.104867942827903 -33.41513030691156 -5.507608406058831 -6.871439779818001 9.780549110451423 -3.666838785988211 58.56925797446071 0.0 0.0 0.0 0.0 0.0 0.0 0.0 0.0 0.0 0.0 0.0 0.0 0.0 0.0 0.0 0.0 0.0 0.0 0.0 0.0 0.0 0.0 0.0 0.0 0.0 0.0 0.0 0.0 0.0 0.0 0.0 0.0 0.0 0.0 0.0 0.0 0.0 
-18.605504040653916 2.099681297337208 -0.6291156049100088 11.584601348948848 25.081966009867553 6.814140024980555 -4.864564130493764 12.171812818197221 7.017318789400216 13.575612238507901 22.34446914462818 11.426910018716084 4.926795103870098 54.57996435475434 0.0 0.0 0.0 0.0 0.0 0.0 0.0 0.0 0.0 0.0 0.0 0.0 0.0 0.0 0.0 0.0 0.0 0.0 0.0 0.0 0.0 0.0 0.0 0.0 0.0 0.0 0.0 0.0 0.0 0.0 0.0 0.0 0.0 0.0 0.0 0.0 
-18.361218931015173 -4.224104415415844 -23.291635585087697 12.43766144802121 6.710448737501879 7.856953835413711 -12.750845118131934 -8.446204069793923 -0.12981249970236458 6.685835685907568 21.521648035874772 2.646095596163739 -6.501192166223294 6.372993071605491 54.65391891811512 0.0 0.0 0.0 0.0 0.0 0.0 0.0 0.0 0.0 0.0 0.0 0.0 0.0 0.0 0.0 0.0 0.0 0.0 0.0 0.0 0.0 0.0 0.0 0.0 0.0 0.0 0.0 0.0 0.0 0.0 0.0 0.0 0.0 0.0 0.0 
8.71213202494829 -0.3781647008868788 -10.254515929805496 -3.175434330308667 -22.122766909004906 -11.402581154649079 2.7881663417044473 -28.060733064726136 5.147723975019582 -8.97310419493619 18.492888073830226 0.9262251413829703 -7.425893553750464 -9.614503412452962 0.4410998204861589 45.516433405834235 0.0 0.0 0.0 0.0 0.0 0.0 0.0 0.0 0.0 0.0 0.0 0.0 0.0 0.0 0.0 0.0 0.0 0.0 0.0 0.0 0.0 0.0 0.0 0.0 0.0 0.0 0.0 0.0 0.0 0.0 0.0 0.0 0.0 0.0 
5.010189674395665 -8.378448867424437 -20.38236293442099 -1.5591333209799323 0.7175277232829234 7.658094341800928 0.3055186421649567 -2.9184417048543 6.410002710568649 -7.456731895562085 -3.6818449295915845 3.9922992055543496 -0.7678517433415932 -10.580409918846259 -4.857295589257451 6.29240291277676 42.87043968341899 0.0 0.0 0.0 0.0 0.0 0.0 0.0 0.0 0.0 0.0 0.0 0.0 0.0 0.0 0.0 0.0 0.0 0.0 0.0 0.0 0.0 0.0 0.0 0.0 0.0 0.0 0.0 0.0 0.0 0.0 0.0 0.0 0.0 
-2.228082803621101 20.087382655990414 -14.151920840536961 -19.628213526408093 -20.307368567689515 -4.2607265192481485 0.07275048639808045 -33.877446023663175 6.7715121936203975 -17.668285417115918 12.412889989501284 8.283838586659533 8.781984855725028 6.529010316668652 6.063903105453297 1.9862265531508305 -6.810255136786531 52.9158098169966 0.0 0.0 0.0 0.0 0.0 0.0 0.0 0.0 0.0 0.0 0.0 0.0 0.0 0.0 0.0 0.0 0.0 0.0 0.0 0.0 0.0 0.0 0.0 0.0 0.0 0.0 0.0 0.0 0.0 0.0 0.0 0.0 
10.845046139763598 13.83472338060226 8.122234320761772 -15.586279767165689 1.6893146363572 -14.632903002840004 8.471510337766198 -9.598468346990384 0.21287971369348488 -14.939267578150034 -2.0347304760593397 -6.80800129196443 -2.5438779495207915 0.4788343806235364 1.7172425937362221 -2.86715990370612 -9.07439816923547 7.076985619830359 49.30428548424954 0.0 0.0 0.0 0.0 0.0 0.0 0.0 0.0 0.0 0.0 0.0 0.0 0.0 0.0 0.0 0.0 0.0 0.0 0.0 0.0 0.0 0.0 0.0 0.0 0.0 0.0 0.0 0.0 0.0 0.0 0.0 
-11.758346095944185 11.67408846125071 -0.25690361159442004 25.922307893243552 -3.1993205220186884 -1.9198139852275946 -11.142917617760325 -0.7530731507164319 -2.2694610732940963 -1.8105908269819992 -4.366955729511325 2.4296331610317212 -0.7036962671779442 -14.081167421338597 -6.216550810963372 -5.649893184635129 0.6636735526007703 -7.1729480050879095 -5.833966467704883 47.71343888705756 0.0 0.0 0.0 0.0 0.0 0.0 0.0 0.0 0.0 0.0 0.0 0.0 0.0 0.0 0.0 0.0 0.0 0.0 0.0 0.0 0.0 0.0 0.0 0.0 0.0 0.0 0.0 0.0 0.0 0.0 
25.340518876066216 0.5096740666184737 14.38615209728326 -28.05365857989535 -14.362625256726703 -28.39849659515543 36.52846656882616 -6.724156973912519 13.555968787542595 -9.235817586214374 -18.46497344893125 -15.846265959842992 -14.62179048463545 15.48310914584632 -3.3856002917379637 7.284080061558681 -16.78115937887572 3.3153092120047924 9.32477440631451 -4.098587163339574 56.563971261123335 0.0 0.0 0.0 0.0 0.0 0.0 0.0 0.0 0.0 0.0 0.0 0.0 0.0 0.0 0.0 0.0 0.0 0.0 0.0 0.0 0.0 0.0 0.0 0.0 0.0 0.0 0.0 0.0 0.0 
-5.0549365772406984 -28.08301021757641 -0.8924971778735893 -25.751765083279235 -9.45241089629711 -0.9927335374737157 21.715928730142817 -6.68759438733998 16.27057127380052 4.412159397160091 -1.8684171089343244 -11.628574085647227 -20.8091371066004 0.22291161898520473 -1.8585718885260656 11.479279009473954 2.6088630795195877 13.236599024265217 10.825437341516055 -3.3812954927411614 -1.957121291433626 49.69821869170002 0.0 0.0 0.0 0.0 0.0 0.0 0.0 0.0 0.0 0.0 0.0 0.0 0.0 0.0 0.0 0.0 0.0 0.0 0.0 0.0 0.0 0.0 0.0 0.0 0.0 0.0 0.0 0.0 
9.388271677916578 -18.628934039553332 -13.504572856258813 14.035764182578976 -0.6078127566850363 26.06952733648638 7.49593765643186 -14.607884969564774 5.258483393221092 3.34528738915048 8.110488162308393 13.857769795995113 11.279153147636041 -1.523425440829709 19.371710622814962 -2.953850737220482 3.384234502737423 -0.28515353050544384 -17.517088277919818 3.357155799639547 -11.4152376281324 8.657632928327672 38.57754163657012 0.0 0.0 0.0 0.0 0.0 0.0 0.0 0.0 0.0 0.0 0.0 0.0 0.0 0.0 0.0 0.0 0.0 0.0 0.0 0.0 0.0 0.0 0.0 0.0 0.0 0.0 0.0 
17.707139268227817 17.09006622642195 -18.33603284659716 -23.20586553640471 -20.20202580051519 -15.692750546772428 9.793585170633476 -5.395421250457833 10.887659801170265 -18.713118653935023 -1.1454883246269594 -5.273005247240778 -2.0723434313404296 -2.04321685305849 -2.9398337925795404 -0.1937847292195298 4.256556950353819 8.22484879967831 6.130803617316291 0.9398222787182892 8.22047336383477 -9.208154222810228 0.8488088137050783 36.936119265401864 0.0 0.0 0.0 0.0 0.0 0.0 0.0 0.0 0.0 0.0 0.0 0.0 0.0 0.0 0.0 0.0 0.0 0.0 0.0 0.0 0.0 0.0 0.0 0.0 0.0 0.0 
29.38901942617886 -13.024158266724282 6.835963718313056 -6.743766781711442 0.28655601084311594 22.355645398902865 15.119491036678061 -1.4841668320450287 24.79999323264424 -4.2819188832554405 -7.36344452863322 2.1479196029075758 6.827389883400441 1.4466532102975667 0.03584060976817574 5.164878337839452 2.9193777099266476 8.500887586869503 13.679820349344363 3.3193035181559054 -0.9873994328963958 10.207683811009005 -3.4115556632433433 -2.0529270831124315 36.395360034835214 0.0 0.0 0.0 0.0 0.0 0.0 0.0 0.0 0.0 0.0 0.0 0.0 0.0 0.0 0.0 0.0 0.0 0.0 0.0 0.0 0.0 0.0 0.0 0.0 0.0 
-3.126747931694573 0.42973626500685835 -12.11389647476467 18.593700856532777 16.73338544540808 9.703880413831328 -3.8105547345468156 4.109672349369836 -17.053963652214872 3.809797092528903 -14.656408324638205 10.99910311639161 6.428258363683734 -5.175004807203753 -2.9122442991229853 -9.933625581862012 11.119913219896295 -15.610127718099996 -4.684236704938216 -2.2107351556086843 -14.508324300720652 5.572366902387718 14.184339723413714 -0.07412985618627523 -6.439404137886989 43.17670297245419 0.0 0.0 0.0 0.0 0.0 0.0 0.0 0.0 0.0 0.0 0.0 0.0 0.0 0.0 0.0 0.0 0.0 0.0 0.0 0.0 0.0 0.0 0.0 0.0 
-11.628386061242315 -11.029331959521505 7.842002889333172 16.76701076189632 11.369196045535007 12.942278075281738 6.629585763178818 25.74801895400016 -5.507148969946107 1.3385063097440908 -12.248566767521044 12.267850775184248 -6.677236314363747 -11.774605119143008 -9.339995641396193 -6.6817524430273 4.933307295544454 -12.401404071568408 17.300320971712203 7.005441312645123 -0.032188326392069706 9.484959515015996 5.772143984789751 1.838837770860999 3.770597490626341 10.826035184393605 43.86281978730513 0.0 0.0 0.0 0.0 0.0 0.0 0.0 0.0 0.0 0.0 0.0 0.0 0.0 0.0 0.0 0.0 0.0 0.0 0.0 0.0 0.0 0.0 0.0 
16.47985291451171 14.081988499930235 18.486477489767715 -20.458303946082527 -1.2438268680185494 -7.538551591301485 0.8807575734302365 10.548627241287143 -4.611034879874871 -2.00302232500376 -5.884847533660516 -0.8870714076208229 -4.44464196619412 10.442059853499876 -4.748112397291744 10.122790422218728 -0.04408309470312585 8.580084393156413 -1.4900591062831237 -11.264851072516338 -3.6028897012377126 -9.556636021692475 0.43447197630164186 1.2114466675233209 1.2072192539662214 -6.979039483038665 11.716310357468819 37.91158286777882 0.0 0.0 0.0 0.0 0.0 0.0 0.0 0.0 0.0 0.0 0.0 0.0 0.0 0.0 0.0 0.0 0.0 0.0 0.0 0.0 0.0 0.0 
-13.233453043388508 4.0645319827038 47.02763517253302 1.1013502099365566 19.971812916809668 11.504483097337994 -25.902968475760368 27.5500376098117 -6.960188642860017 8.7627470357387 -21.300250089769335 9.40465807984436 11.020971664680163 6.817442374603036 2.2376087241294047 -1.0869001161872893 2.3660807586349017 7.671851733757744 1.3679325525844026 -2.690560739515571 -0.14874381513990526 -6.653767371896785 5.982480177977956 -1.862680101718031 6.958252622721768 6.771500671807681 -0.2418021534866756 19.125464036351204 46.940364939630264 0.0 0.0 0.0 0.0 0.0 0.0 0.0 0.0 0.0 0.0 0.0 0.0 0.0 0.0 0.0 0.0 0.0 0.0 0.0 0.0 0.0 
16.08023482126449 -13.144355899463806 -36.37345465868204 -2.9019612287198906 -12.813204358929385 -5.7062363729402925 24.453508060048343 -31.00085066854912 17.98175759221012 -2.9007159472918853 10.101127450664903 4.080341765107692 -14.365743627176723 -0.9918718989984403 -3.0398783244602403 -7.218193569424086 -4.61550263381511 -5.957809994741997 8.772305246036709 4.365587342418081 3.480891244159582 9.66751949377051 5.574122771276362 2.6833014663091284 4.9768709139383915 1.1046243538290568 1.0445856024843283 -17.90698760316775 -4.770194879346404 45.13842309937322 0.0 0.0 0.0 0.0 0.0 0.0 0.0 0.0 0.0 0.0 0.0 0.0 0.0 0.0 0.0 0.0 0.0 0.0 0.0 0.0 
45.17358031987878 1.220115662310363 -19.919510551452092 -8.522165132378131 -10.0580021333523 -6.882774252317869 26.96166005795626 -14.27709295349085 17.02274762159 -3.6771823147179283 -8.729579050952612 -17.348761767808124 -0.5428246260640673 9.902180222780398 -1.3408016026185492 -6.92845153326661 3.0689627761736284 12.572208047337492 14.58394916880233 -4.154487385807753 16.22713743460929 9.794201510169211 1.3715992724409867 -4.680014753810247 17.29689802747689 -19.341625256023335 -2.454655007904663 -15.317635250673929 5.085934358687461 19.796446728121342 46.521105705738414 0.0 0.0 0.0 0.0 0.0 0.0 0.0 0.0 0.0 0.0 0.0 0.0 0.0 0.0 0.0 0.0 0.0 0.0 0.0 
-33.23904980798781 -5.777418890742494 -10.28846168196057 17.822623596050896 -8.086252568619933 -13.85631266365925 1.238511774414109 18.83402711403866 -12.002653773833858 11.96340324901557 13.41768613720122 -13.54894311077021 -3.73139457244723 -0.4733203992402179 9.78141182039997 2.0210791957369643 11.478971210911968 -13.992003848815505 -13.3203957464987 10.815200143444708 7.21202769028623 11.841072143253323 5.640225394349386 -1.668824850290123 -0.03183934509235812 6.583436043812395 -1.8491327567709444 -6.341471582890344 6.17607563793952 -8.011627177215667 1.8411280816839153 41.64742581813601 0.0 0.0 0.0 0.0 0.0 0.0 0.0 0.0 0.0 0.0 0.0 0.0 0.0 0.0 0.0 0.0 0.0 0.0 
1.8195354735342715 4.661556447659159 5.54725828837622 -0.9751955518145631 20.613717415587754 -9.690309602563296 5.623629166679205 1.5265825523955387 1.4863238727076529 5.568871084824506 -12.125714943474033 14.07317581617407 -1.4748263956212007 7.316813698297103 -16.281121675658376 -5.370791069127257 -7.803408592046053 -4.860438023289455 -5.206249242180974 9.895393355141229 11.27645245475554 -6.471343623883952 0.8461534077597489 7.544634047153577 9.186546341931528 11.566409837400778 -0.9807413408930147 7.93303112615413 -0.2432869532304004 9.71584129180015 10.978111558875542 6.6372747357128326 39.66789368469977 0.0 0.0 0.0 0.0 0.0 0.0 0.0 0.0 0.0 0.0 0.0 0.0 0.0 0.0 0.0 0.0 0.0 
-1.548821107711888 -16.04427048619844 -3.322876921246522 20.632450443526213 18.327335607169292 8.019983267046765 8.828264704768888 23.65050625801103 13.065385758417698 -4.902726091932439 -24.7906634116117 9.628539656377919 -5.401437056577036 9.6549946282037 -18.013369581939624 -12.211906896530383 11.077517042188736 2.779351262699215 4.881818269082328 10.720121821138438 10.465104094719388 8.055053808733852 5.820048733656111 3.278470322757203 10.939365406056783 9.051472349500102 7.3689137029378875 -0.3870308696928661 -1.3368889439486544 7.860236649509249 -0.45183278332137344 3.5331158901853885 1.409247482686324 40.05578524333946 0.0 0.0 0.0 0.0 0.0 0.0 0.0 0.0 0.0 0.0 0.0 0.0 0.0 0.0 0.0 0.0 
-16.499997643807088 -2.2994887099188475 20.98573011402133 -8.073848934805328 -15.118840247842103 23.00921390337938 10.248195916073664 -5.92571456214462 23.313583375768165 1.201864483101819 -9.403362669534188 12.10803235216337 -6.327530634527599 -17.122112908176817 -9.131096226703987 7.126481893021792 -1.6285223779622113 6.947020932149227 -10.652735659577237 -3.74003043818987 -13.445745042947182 8.981328689548851 6.68687276789159 4.941031835031344 -1.7114495325781929 9.438171920480277 1.697065100570048 -15.508154267121524 -5.176039955026632 3.95461499575853 3.4822857459521805 -11.709301576070182 -5.601024706622782 1.1734164846192956 36.564158585493544 0.0 0.0 0.0 0.0 0.0 0.0 0.0 0.0 0.0 0.0 0.0 0.0 0.0 0.0 0.0 
-33.50904930719893 -16.69613328711801 4.043373284240073 -11.218895111605672 1.5285032849242286 10.870957165258393 -8.500270956559653 3.980789758447914 4.005788176572625 -1.522073415861546 1.3478973863191328 10.34665914015647 2.4680651246956944 1.6849989057709127 17.339392872738358 1.9474337738686351 11.693687468145121 9.893851325447187 -7.639525050098614 2.6794978967038356 -10.89036934913643 6.240832297183581 -2.6787558067575485 -6.282632233812049 -0.863496210918619 6.666331695968822 -2.0581674096990556 3.6682957436303214 3.696337324034839 -6.81575304115943 6.628649120318592 0.9240102939168482 -1.3055187847944694 -6.7701642485131925 6.58751072814852 34.46517819481989 0.0 0.0 0.0 0.0 0.0 0.0 0.0 0.0 0.0 0.0 0.0 0.0 0.0 0.0 
-7.4644299750067775 -3.5476718565392864 13.638394142031546 -12.28246821248242 -8.223027203306707 15.354793045731524 9.458756146300455 31.62700833690516 16.972983053647813 10.279554866266224 -3.610594135441021 16.28265518246899 -7.562915129704048 -1.256306444335826 7.327212374887092 3.6791830997971897 -8.922730085907745 6.971369781744151 -15.696361003059037 -9.195257300590498 -15.749345679838406 -3.5491925246761027 0.039727911473832214 -2.882146800987078 -5.532634195423978 9.28200494588073 7.920166219320455 -1.2644878860729245 -6.098921299283068 -11.679913436315983 4.900355674303523 -4.870195746657141 -10.682659667534164 -0.2270059529934111 6.994031811897712 5.9868348410796415 36.97218545878964 0.0 0.0 0.0 0.0 0.0 0.0 0.0 0.0 0.0 0.0 0.0 0.0 0.0 
-14.110418698483551 -2.606060001919167 0.6491626737395847 15.704758988227427 0.7483764709315037 10.942213785950923 21.13395611628933 24.73645792098999 13.038762391624928 16.903498569432273 6.647275119418954 -7.557169349481647 -15.160808841961684 2.653724521534188 7.203614210169524 3.5072149577780793 -3.4859433475844224 -4.657183322363393 -2.6344913612151664 -0.19365474191816237 -10.705240180429643 -5.630341087690064 6.570682337171288 -4.705751634220132 14.69832910132484 2.7860018262539508 8.69322649479271 -2.240124657248442 -3.641235381921466 -1.3708566648217897 -5.788018517580442 7.113004192378296 1.4880472154962863 -0.47769454632656944 8.206863693798518 3.334233412993304 -1.360825227403913 36.76106035210663 0.0 0.0 0.0 0.0 0.0 0.0 0.0 0.0 0.0 0.0 0.0 0.0 
-23.018516732910243 -3.2711278544236078 20.88146787040359 -1.9836976237570698 16.514246450610642 1.92521276385668 -16.162614078007334 19.107981451530847 -17.209188178412678 7.8738850967724945 2.853998103398621 3.818900845865367 0.5796098633013719 1.8491909622598794 0.5079033148025242 3.0589401499038726 -3.679119026420012 0.16733764924112815 -1.5169818177405774 -10.359038668142903 1.0879360760099666 1.3602500647682845 -10.412250334727762 -10.200976984275265 -8.56766697406826 2.9055025910862575 -1.178028390114769 6.080071044089718 -3.7370446209483954 -11.592983563783816 -1.6496517713069951 -1.7292149279765705 2.17133387542769 -3.7787290095301094 -8.157474679696845 1.6527110329223567 -1.3119211836011442 2.6352493308487115 31.71606565203811 0.0 0.0 0.0 0.0 0.0 0.0 0.0 0.0 0.0 0.0 0.0 
13.960073139703972 8.576332848608612 30.003272486877762 -21.014049533932088 8.359049711289225 4.789402892397401 -1.0634726822235565 6.707492646560749 5.925905249485341 -2.856632345054986 -6.873506631409698 6.23996694708488 4.705550728935155 14.314941866856854 -13.099128406468441 -14.986546508512822 -6.066009147330408 13.07548501152785 18.185856501567986 -4.840195623425343 10.532548224436647 3.5651496644528415 7.001093072505436 2.560628959866239 5.7422425534442105 8.58335606099718 4.686026319242761 10.721965321744557 19.106566647714622 -12.84604370068017 -1.8890650108409577 -8.895939217350703 0.7815384080226666 5.427192049720287 5.180529049444028 -2.0471676768308207 5.704406014690431 -7.12027856704777 0.630867994774071 35.63990017674032 0.0 0.0 0.0 0.0 0.0 0.0 0.0 0.0 0.0 0.0 
2.467073460902404 -11.741864827783017 0.816532196462325 -2.1831999846929575 -4.912363399581922 -0.14234621534826547 5.7675561006137395 22.362958469642095 -4.606792274132434 2.0495966863453208 3.6044422617794716 0.7203630260365588 -10.326504447355644 -11.05646180054395 -6.581612982306366 3.830574512756419 2.8005222566348125 -11.027404486663574 -6.4073663252353805 -6.326388986805492 0.40501971038256707 0.47918134703848597 -8.445649770205643 4.903881895226314 -1.3623352035925573 -6.20879805213291 5.633474615825033 6.417721787963825 -3.756932369274707 -6.56800821229524 -6.892027335458443 4.6805209534447683E-4 -7.575506311916781 3.4534733799952737 -5.634337547332513 14.345174429454921 2.3866230318436004 12.939427156705387 0.6861673950874511 -3.506865600325081 27.157521131619067 0.0 0.0 0.0 0.0 0.0 0.0 0.0 0.0 0.0 
-12.148006527706636 -25.244030168563317 14.877227616606133 -22.49331775510483 11.077972091596612 1.3560027558631493 5.4946032765203965 -8.312873807179516 12.71203384707167 4.1548477154465955 5.242660571871733 6.816611708589907 -6.879411188287582 6.789466092836097 -2.8942871709941858 2.2845697585116933 9.286266802162471 -6.045522015847359 17.129638422957175 -4.103763306435096 6.9044612492235204 12.864375524457401 -10.168084182981161 9.332947141032475 4.889059678373976 -6.887924628982793 9.645198316491644 7.0569673399690265 -3.1577345439266153 -0.8494828070700852 -1.458635501255597 -0.5324142690700489 5.684191841006305 2.587956068131347 7.229709303016559 8.10747581635511 -8.529744816539457 -2.4188206952303126 4.63676033249596 13.39354507882044 5.541517957705217 25.593163034915353 0.0 0.0 0.0 0.0 0.0 0.0 0.0 0.0 
37.68004363873165 3.7907363591243075 -15.726085624518602 6.262071246626054 -22.867108867901614 11.353944741094463 21.335225218530354 -26.720480403493607 -4.86296445612284 -3.757921642773942 17.186223894925053 -15.606945355319558 11.6640808556888 7.694782371921881 -3.4869632410572295 -10.759463052844879 4.9919266285472865 -9.680481885079622 4.367349825505493 2.2353356326438747 12.144104335489802 13.530199912386607 2.8543270450285485 2.742478996943838 -0.713525368622431 -3.7532400537678012 -0.9506981652757305 1.043872046007889 7.626878278735738 3.4694252463061934 -1.3684543307202024 3.5048767710925404 11.267999858260465 2.192845986292313 2.9423181317462057 -13.862605719897552 -10.254738026637368 5.425973312827961 -3.0087034740678735 3.0978695205969746 -2.0935037284038605 -5.2925881825172 29.787938962244407 0.0 0.0 0.0 0.0 0.0 0.0 0.0 
-22.42875498446528 -8.24965163076383 -1.600719917868957 -4.7651110042714 10.847053987021683 11.964198625970075 -11.844474605212405 4.871247175353995 6.490136873086102 13.869528602645284 1.7949932602277316 26.29701464312131 14.568442498269619 13.652437199181525 18.406850204470377 14.575263170592509 -9.994907548938857 15.001692650400674 -14.6507496876949 -10.951099363179464 -19.28652579487356 -3.8041768950542494 6.76528285023638 1.0177228189030536 -3.1396423923179593 3.604882875792545 -3.818080136668351 -5.648312130243337 7.279184231874572 -5.260007597740686 -2.5806339268030616 -1.4992500996642106 0.4613374259662697 -1.3268431780152572 -0.20146966635862792 0.9032396869394888 10.898559665818173 3.1470175047143116 -1.6468701729507245 0.07352540341365786 -2.2012614802652717 -12.581007921604625 -6.438847709030204 31.020784503177882 0.0 0.0 0.0 0.0 0.0 0.0 
25.64342797024037 -29.39392651309592 -29.835704142010776 7.227997127409677 14.475440158698042 -1.74982795239353 -1.652075685700661 -19.10845690915854 -5.430926744986104 4.880414505211151 7.406538598800483 -18.5190895947316 9.123032934145126 1.759733912893253 0.6561101312408322 13.482279347037569 -8.202109480249767 6.544017308882978 -7.63807222341316 -4.697580734302825 6.321276248687505 4.844110280267772 5.300167031334443 -8.425714924345773 5.061715062755087 -4.446719569785919 -4.642262599122345 -9.06207830659999 0.42632416429076714 1.3605737687693027 -1.0015562341463324 -0.8436138975793404 16.180052913764406 5.43001408491926 -8.143032513179028 14.40340258705671 1.4438797417753344 -3.9484663414901346 4.050290954476156 -10.729314977197069 -0.7972516157684563 -3.353109386525224 -4.284857114809564 -8.205145953095517 40.838094545851824 0.0 0.0 0.0 0.0 0.0 
-1.1688526434275266 -8.989261910179904 -23.6333560984834 14.663193672087907 -14.078638530056752 -15.667887408326704 11.842196885875138 -3.6669569686934014 -0.05123892969414058 7.419952620980547 -13.092043562500908 5.208500828591719 -3.251679869962377 -23.452184103950508 -11.381250501503727 1.8134214906678463 -1.366833298638936 -15.401940794224876 -16.299488208737895 8.22265838898345 -9.016623353235296 1.167259404183804 0.8312842327904774 1.7558236584489775 -4.0000869783765145 -2.438831801200066 -1.89769079982382 -11.612083540708948 -10.233398433700321 6.749584602314778 1.5579531230049068 12.502827257354213 -3.4278938673155843 -3.7505011458934567 -0.3920260399156326 -4.303249820369065 8.348443340522566 6.898979881226905 2.4372458341218586 4.556988882583403 -1.0212341131640459 0.4365249486796908 8.775646178340391 -5.8456161153839705 -8.767972111433133 35.663863207859734 0.0 0.0 0.0 0.0 
-3.9059474207871823 6.357767635533432 14.66412127904472 0.9348421447282746 -4.174067596925744 10.800401779733948 16.646002879578166 4.020632559991749 5.914812228440478 0.5159057495152537 -1.7573889230224988 -8.448700237426944 -4.715126004043378 0.589110461950573 6.490595094746048 13.861602252597256 0.43824404675769674 -9.579407149391773 -3.464281681125984 -1.4269751338241703 -3.7611440411328165 -8.576460235817246 -10.005692691208065 -2.7092765962962346 9.46273840105905 2.4067194905297544 -0.4045348886612793 -2.3465539911044235 -2.3553361133732986 -9.833869356720616 1.760342427068492 -8.614331119622769 -4.980653035720598 -7.402057115254979 7.945089137945239 6.8897537239294095 -15.755680260221823 3.612185830065668 8.031508016686711 -9.072437719749441 5.322511834110896 1.9683546048479759 -7.633190366917214 1.3837459605463052 3.6524411233176255 -8.407604614769932 25.825914208672074 0.0 0.0 0.0 
-43.41042857387449 -12.26511877047628 -5.031535963507323 31.610364989016297 -16.76880148819217 18.99539589853814 -8.354617874113544 -3.528302482543307 -2.072525863878746 9.96190004648891 31.75105584818877 11.649808805970245 -0.9406354887567088 -2.6964947822897707 19.784966105982413 3.373996978192191 -3.63573238332726 -5.079780582719394 -10.340892154100901 13.27702133131372 -7.630042802446489 3.941704910488612 1.9601577476010825 -15.66958177623698 -2.9693486293068556 -8.667317289234946 -1.1596252116053094 -11.906746117825513 -4.607848623565039 2.5461467104196065 8.55391399568851 5.904491619378159 -13.472851903035258 -8.951861133345512 17.057906472052967 1.0645009263682512 3.6899736513602646 0.2562057075511816 0.1942737390550787 3.644282457480332 11.249324880247153 -2.4966095875802847 0.3806585720038593 6.42524721467544 -6.139622166601204 0.2428587548593501 8.975986413574951 32.184174144633296 0.0 0.0 
16.137863486631577 -8.071411126880422 5.471911383073818 -10.285369398127672 -18.249488594113622 2.5787424339207683 25.863411872930605 -1.807055422756831 12.4985549517567 0.7624095591027984 -13.238916179278068 -3.824799143745267 -7.137929375098049 -4.196410127768166 -11.581745310724008 -3.324136574690161 5.785771955419084 -1.7101021004205457 -7.974471805491515 -4.334086679281516 13.440311246789973 -1.2130621081971245 -1.6539985268053006 10.38161331735808 5.375275468930101 -2.748234785877091 2.373800023011283 9.021419275243712 -4.064988971133653 7.419392342620885 -1.8682946411952983 6.458143259879865 -4.029938353086388 0.13909782530196954 4.073593048952328 4.226558293889299 5.359442508086581 -1.1897495414225119 4.644267619723215 -7.058832797455892 -4.082124796672179 -2.867663206762164 5.675702183923142 -2.5466168091992265 1.3848344832176707 -3.8846395186770795 -8.015859867524414 -1.989148643244612 26.089945192730895 0.0 
-13.891727753903115 17.228606814421255 16.546867635954037 4.125928388685974 14.126702247858807 4.597377209078087 -21.89597554381727 2.775665698192206 -5.6871143487740925 7.0944985576604305 0.5842519794431971 22.05175858584366 3.244914772446212 9.132112048475934 6.619108512722498 -0.0148652619729543 -14.387266908136999 2.148105829099451 2.51470248560382 1.1502449211907406 -9.710784389554409 -9.149144745157397 -3.8144184269056622 -1.448866660407606 -0.4626601482043227 9.445554921547116 0.9373180434349246 -5.6654298945105435 9.346557196216494 -4.038110283334189 3.7364650609519865 -1.5260984347789137 6.002764191847245 -8.372349416205234 -0.1283845067255337 -10.954291078714599 4.913013566038304 8.014371236736434 10.563899732540701 -6.981563211155426 7.244312824887361 8.794024438782708 -7.693869108077543 -4.374478211227797 5.221192711152843 -9.830393225347152 6.401180201916137 6.410812284465513 -6.736165547353958 27.207487419482614 
