-0.021551167730324748 0.08643165945828513 -0.03224582105974932 0.21185201572412962 0.21793212233034492 -0.21847994243811888 -0.6330734868819575 -0.040856845908292305 -0.08044480934278972 -0.7985127777772286 0.12969079908047543 0.03162219307393052 -0.5400064854766209 -0.033842047798609096 0.4003625298878448 -0.11165047352370948 -0.3413362438705366 0.05818758468461261 -0.28633882999874183 0.17103377204054726 0.38297576486372076 0.20908928355531478 0.20055721789139785 -0.17779586139299539 -0.3224407728281463 -1.615237757679097 -0.15399394207825945 -0.18126647051468414 -0.5462488129997758 0.31561990391779093 2.5502952452159326 -0.3507274817397388 -0.332288146250081 -0.5068009522376904 -0.12406274468379098 -0.08487272149666149 0.16192330938616145 -0.03916629922106686 0.13998331357901425 0.1938133411622794 -0.11399477537355272 0.3027635938833346 -0.008879258815948978 -0.49174283393159196 -0.016985739280576156 -0.06358875419894364 -0.6465016514840524 0.29694866659676294 0.07136982597617768 0.21684930647729234 
102.10981900077775 0.0 0.0 0.0 0.0 0.0 0.0 0.0 0.0 0.0 0.0 0.0 0.0 0.0 0.0 0.0 0.0 0.0 0.0 0.0 0.0 0.0 0.0 0.0 0.0 0.0 0.0 0.0 0.0 0.0 0.0 0.0 0.0 0.0 0.0 0.0 0.0 0.0 0.0 0.0 0.0 0.0 0.0 0.0 0.0 0.0 0.0 0.0 0.0 0.0 
-43.682921717952944 70.9764519734363 0.0 0.0 0.0 0.0 0.0 0.0 0.0 0.0 0.0 0.0 0.0 0.0 0.0 0.0 0.0 0.0 0.0 0.0 0.0 0.0 0.0 0.0 0.0 0.0 0.0 0.0 0.0 0.0 0.0 0.0 0.0 0.0 0.0 0.0 0.0 0.0 0.0 0.0 0.0 0.0 0.0 0.0 0.0 0.0 0.0 0.0 0.0 0.0 
32.67901049215308 -9.717156644046904 81.19857007255693 0.0 0.0 0.0 0.0 0.0 0.0 0.0 0.0 0.0 0.0 0.0 0.0 0.0 0.0 0.0 0.0 0.0 0.0 0.0 0.0 0.0 0.0 0.0 0.0 0.0 0.0 0.0 0.0 0.0 0.0 0.0 0.0 0.0 0.0 0.0 0.0 0.0 0.0 0.0 0.0 0.0 0.0 0.0 0.0 0.0 0.0 0.0 
37.21902131401669 27.65478750702177 32.90804407655182 92.76043032998047 0.0 0.0 0.0 0.0 0.0 0.0 0.0 0.0 0.0 0.0 0.0 0.0 0.0 0.0 0.0 0.0 0.0 0.0 0.0 0.0 0.0 0.0 0.0 0.0 0.0 0.0 0.0 0.0 0.0 0.0 0.0 0.0 0.0 0.0 0.0 0.0 0.0 0.0 0.0 0.0 0.0 0.0 0.0 0.0 0.0 0.0 
35.18918969078755 6.487688343262169 14.16948562480852 15.975956387682563 91.31664275807486 0.0 0.0 0.0 0.0 0.0 0.0 0.0 0.0 0.0 0.0 0.0 0.0 0.0 0.0 0.0 0.0 0.0 0.0 0.0 0.0 0.0 0.0 0.0 0.0 0.0 0.0 0.0 0.0 0.0 0.0 0.0 0.0 0.0 0.0 0.0 0.0 0.0 0.0 0.0 0.0 0.0 0.0 0.0 0.0 0.0 
-39.191720508507785 6.886361557819571 -33.553339757411806 -22.803503079453158 -23.125203126253226 79.63810615990195 0.0 0.0 0.0 0.0 0.0 0.0 0.0 0.0 0.0 0.0 0.0 0.0 0.0 0.0 0.0 0.0 0.0 0.0 0.0 0.0 0.0 0.0 0.0 0.0 0.0 0.0 0.0 0.0 0.0 0.0 0.0 0.0 0.0 0.0 0.0 0.0 0.0 0.0 0.0 0.0 0.0 0.0 0.0 0.0 
21.07554456898973 -4.247838838554431 -8.45655592757232 -9.302726717703168 30.99165930798877 -0.7164289807491867 56.14822806093383 0.0 0.0 0.0 0.0 0.0 0.0 0.0 0.0 0.0 0.0 0.0 0.0 0.0 0.0 0.0 0.0 0.0 0.0 0.0 0.0 0.0 0.0 0.0 0.0 0.0 0.0 0.0 0.0 0.0 0.0 0.0 0.0 0.0 0.0 0.0 0.0 0.0 0.0 0.0 0.0 0.0 0.0 0.0 
16.179187643538594 -25.871633079236865 7.115306851268611 -16.28049739278311 15.07729059303295 -8.038475025749602 -12.35148681661893 63.38999894503044 0.0 0.0 0.0 0.0 0.0 0.0 0.0 0.0 0.0 0.0 0.0 0.0 0.0 0.0 0.0 0.0 0.0 0.0 0.0 0.0 0.0 0.0 0.0 0.0 0.0 0.0 0.0 0.0 0.0 0.0 0.0 0.0 0.0 0.0 0.0 0.0 0.0 0.0 0.0 0.0 0.0 0.0 
59.937985569276336 12.427897708270729 26.002924046789776 14.0910564505928 -9.712764528355336 -0.2765441122092478 21.17286685007996 -33.991079921027676 69.99200783276105 0.0 0.0 0.0 0.0 0.0 0.0 0.0 0.0 0.0 0.0 0.0 0.0 0.0 0.0 0.0 0.0 0.0 0.0 0.0 0.0 0.0 0.0 0.0 0.0 0.0 0.0 0.0 0.0 0.0 0.0 0.0 0.0 0.0 0.0 0.0 0.0 0.0 0.0 0.0 0.0 0.0 
-12.759094613543263 29.25222094900617 8.099610943303206 -10.789877529289747 -42.92051973587491 57.77403059002194 -3.0525817472231216 -9.080409851600344 19.753053025329525 74.1862214818851 0.0 0.0 0.0 0.0 0.0 0.0 0.0 0.0 0.0 0.0 0.0 0.0 0.0 0.0 0.0 0.0 0.0 0.0 0.0 0.0 0.0 0.0 0.0 0.0 0.0 0.0 0.0 0.0 0.0 0.0 0.0 0.0 0.0 0.0 0.0 0.0 0.0 0.0 0.0 0.0 
-3.936028097313891 -10.029917427637715 -21.964974219751166 8.63587319597314 -8.515203593397326 21.72930747932841 -1.0024474174336453 -12.218361151285025 -1.0903732293844175 -9.111825426254326 56.379904198298924 0.0 0.0 0.0 0.0 0.0 0.0 0.0 0.0 0.0 0.0 0.0 0.0 0.0 0.0 0.0 0.0 0.0 0.0 0.0 0.0 0.0 0.0 0.0 0.0 0.0 0.0 0.0 0.0 0.0 0.0 0.0 0.0 0.0 0.0 0.0 0.0 0.0 0.0 0.0 
-9.02852080994557 34.22106025731628 -45.60972735073265 20.9856485074083 41.17915445977193 -9.392097593948005 3.8982239634936224 -11.406603522451158 -11.170169568549907 -15.70381215619031 7.812362399778905 68.09704417598347 0.0 0.0 0.0 0.0 0.0 0.0 0.0 0.0 0.0 0.0 0.0 0.0 0.0 0.0 0.0 0.0 0.0 0.0 0.0 0.0 0.0 0.0 0.0 0.0 0.0 0.0 0.0 0.0 0.0 0.0 0.0 0.0 0.0 0.0 0.0 0.0 0.0 0.0 
3.5745212494582734 16.651007261808797 -17.967034016059763 -43.75352936882546 -12.428548431106403 -14.472969074915536 -11.94218049287579 4.289896309808545 9.190431311951945 3.388696051222505 11.644190427707697 -25.33273146290632 61.78897463237336 0.0 0.0 0.0 0.0 0.0 0.0 0.0 0.0 0.0 0.0 0.0 0.0 0.0 0.0 0.0 0.0 0.0 0.0 0.0 0.0 0.0 0.0 0.0 0.0 0.0 0.0 0.0 0.0 0.0 0.0 0.0 0.0 0.0 0.0 0.0 0.0 0.0 
-11.009373287977592 18.588669379129446 26.379511801351406 10.234914537910388 17.43637326971987 -0.9219683686092864 14.91583359161739 13.14143392372005 27.899483948792938 7.026444227770553 -7.688897048122667 7.987549722706083 -18.651049103672737 59.08578947251742 0.0 0.0 0.0 0.0 0.0 0.0 0.0 0.0 0.0 0.0 0.0 0.0 0.0 0.0 0.0 0.0 0.0 0.0 0.0 0.0 0.0 0.0 0.0 0.0 0.0 0.0 0.0 0.0 0.0 0.0 0.0 0.0 0.0 0.0 0.0 0.0 
-15.188108550508923 4.4329209395414955 18.8017807799472 -4.385808826209437 -26.64099595775462 -19.31187016610828 -14.947369298845729 0.46151684248705727 6.3497533966830355 9.442946953865372 6.08811488192695 -3.344212623404637 -13.112533805184738 -34.37577547390157 69.56524354405208 0.0 0.0 0.0 0.0 0.0 0.0 0.0 0.0 0.0 0.0 0.0 0.0 0.0 0.0 0.0 0.0 0.0 0.0 0.0 0.0 0.0 0.0 0.0 0.0 0.0 0.0 0.0 0.0 0.0 0.0 0.0 0.0 0.0 0.0 0.0 
33.745161531092116 25.216813742834287 10.121742787839347 12.228826915823126 9.102703518064581 -14.091950525642849 5.572619919688587 -4.098989939472967 -12.286292079078914 -1.9962329891320967 6.487387885056057 17.444813464317434 -2.8081319071231294 -9.31473706558406 7.157954888393124 43.05014798502873 0.0 0.0 0.0 0.0 0.0 0.0 0.0 0.0 0.0 0.0 0.0 0.0 0.0 0.0 0.0 0.0 0.0 0.0 0.0 0.0 0.0 0.0 0.0 0.0 0.0 0.0 0.0 0.0 0.0 0.0 0.0 0.0 0.0 0.0 
5.501806666516867 7.447346660606247 -0.8396650617016765 21.064878477400686 20.625488955506302 25.450227004638982 14.223077500865811 0.43391566718974967 4.106610428675188 5.289901562512138 -5.786479541479797 8.576187266937593 -20.205960469997272 26.586628023921584 -8.208082681670872 7.656843436078942 59.714367440147825 0.0 0.0 0.0 0.0 0.0 0.0 0.0 0.0 0.0 0.0 0.0 0.0 0.0 0.0 0.0 0.0 0.0 0.0 0.0 0.0 0.0 0.0 0.0 0.0 0.0 0.0 0.0 0.0 0.0 0.0 0.0 0.0 0.0 
-28.332466083484924 -2.589655423490116 -22.853818052746888 6.117058811893897 -0.16242252246221614 15.750513794437714 2.064423083446982 -4.412114230904997 5.166619947733976 -21.988698752059484 33.6092168897147 6.974683102931598 -2.9393575129194094 26.887975631201822 -4.049644788080365 -13.483906256925891 3.3102737723896856 66.23680917877972 0.0 0.0 0.0 0.0 0.0 0.0 0.0 0.0 0.0 0.0 0.0 0.0 0.0 0.0 0.0 0.0 0.0 0.0 0.0 0.0 0.0 0.0 0.0 0.0 0.0 0.0 0.0 0.0 0.0 0.0 0.0 0.0 
55.179223439939854 47.01023873303694 20.72988376212834 24.979917185103144 45.46228782182552 -38.439657826027556 18.1096862767683 10.150711492349014 7.022989820393133 -1.2147949767582573 -18.874997553057224 29.609805346164705 10.783631197806502 -12.705608887214497 12.547930799350965 21.177431667900265 6.8736500595417525 -7.282106324883561 50.42154258923256 0.0 0.0 0.0 0.0 0.0 0.0 0.0 0.0 0.0 0.0 0.0 0.0 0.0 0.0 0.0 0.0 0.0 0.0 0.0 0.0 0.0 0.0 0.0 0.0 0.0 0.0 0.0 0.0 0.0 0.0 0.0 
-48.87323930925912 -7.136949820007324 -27.01941433920456 -16.78208395632816 -50.34635374707708 11.670214198824121 -5.910853342013309 -7.09774565055312 -1.193142722551216 -8.986109994080234 22.216215530553534 -17.793023390504118 -3.7915358194582236 2.017986547236473 5.146059847982248 2.0631878326791506 -6.840135316153717 0.06129368240654808 5.5793410691629 56.81000976991508 0.0 0.0 0.0 0.0 0.0 0.0 0.0 0.0 0.0 0.0 0.0 0.0 0.0 0.0 0.0 0.0 0.0 0.0 0.0 0.0 0.0 0.0 0.0 0.0 0.0 0.0 0.0 0.0 0.0 0.0 
-5.368748378690165 1.6159536083488792 -26.74747600452414 -15.764000083155938 -36.2901004366201 -13.908350566672919 7.418782600152816 -17.055487854921505 10.363241015976019 -5.885969934926989 -11.986328029219498 -10.174290001291164 19.05139946066511 2.319213821087946 -3.967876516833408 -2.2507101058509673 -19.24751477635319 6.026764243779266 -8.81201418518315 7.775981845418795 48.33427274101613 0.0 0.0 0.0 0.0 0.0 0.0 0.0 0.0 0.0 0.0 0.0 0.0 0.0 0.0 0.0 0.0 0.0 0.0 0.0 0.0 0.0 0.0 0.0 0.0 0.0 0.0 0.0 0.0 0.0 
26.87227497619314 -12.591078906664212 30.441272909326013 6.7052169108401 12.031237546738279 -26.02769686845888 -11.50354158822878 9.897318876435241 6.7172296647970136 13.62430265035164 -14.31265145576506 3.1542610563799647 -41.73614205875984 -3.0177181796405788 27.61853703332813 2.054497897142783 -5.554191473870597 12.950363155726631 16.800590292035196 4.4375613460316155 -6.694205857294779 60.896246773276616 0.0 0.0 0.0 0.0 0.0 0.0 0.0 0.0 0.0 0.0 0.0 0.0 0.0 0.0 0.0 0.0 0.0 0.0 0.0 0.0 0.0 0.0 0.0 0.0 0.0 0.0 0.0 0.0 
-14.390840882159075 13.785318804657456 8.160812882779 -21.911509669911236 -18.964667982400375 -25.099099478779323 -3.8875845104855364 11.19919849420108 1.3067964723733743 5.2459645314893555 -1.7997978169494644 -1.9627779320995862 6.920695090132657 -14.062066203792487 30.21779400987725 -3.6928831198902246 -22.37054745816048 -16.574559688764026 -5.825486380997363 -1.6006015800661593 0.6314943801967154 13.052976484450658 43.01914541975817 0.0 0.0 0.0 0.0 0.0 0.0 0.0 0.0 0.0 0.0 0.0 0.0 0.0 0.0 0.0 0.0 0.0 0.0 0.0 0.0 0.0 0.0 0.0 0.0 0.0 0.0 0.0 
-6.331399029860818 17.069905251186857 11.361285050179275 -16.17013228029579 -0.14834881849569465 0.6893597294728495 -22.177766863374163 19.18471218272402 18.483957645258275 16.566785906513218 1.8370977320683295 -15.041835413238777 12.551281475427489 1.8386441693967235 -1.518393924564108 -3.0908630508504715 -4.497265289598927 22.18291601225521 5.008318804346331 3.4432880327626147 11.321975297201869 15.38182502214283 -3.4724413234950324 50.22801768336274 0.0 0.0 0.0 0.0 0.0 0.0 0.0 0.0 0.0 0.0 0.0 0.0 0.0 0.0 0.0 0.0 0.0 0.0 0.0 0.0 0.0 0.0 0.0 0.0 0.0 0.0 
1.0749189482978685 21.033664749802192 2.5270466104487332 -18.798343114821567 4.923114568668074 -30.925460906851924 -20.832953362931907 3.849473761771385 -7.574888018266627 19.798203325498346 -3.679544753036099 8.099777268463948 -1.0561478874084864 -19.835572066465993 29.563289278078873 18.32782387619967 -4.4525391302181765 -26.45772827317164 -5.52617007983522 12.83334816396738 -4.026055118775414 31.194900906361532 9.044780576474668 -11.013673657707592 51.506113356627814 0.0 0.0 0.0 0.0 0.0 0.0 0.0 0.0 0.0 0.0 0.0 0.0 0.0 0.0 0.0 0.0 0.0 0.0 0.0 0.0 0.0 0.0 0.0 0.0 0.0 
-37.36581735972198 10.201223882442767 -33.906951852447165 -21.041772693733133 -33.64107063448345 17.04921269289264 8.821947580183803 -21.75280689040393 -9.56590858945711 -12.926802745479964 2.0559049326108574 -13.559442201134372 14.865359511049071 -3.935570877956192 -12.52934196377491 -13.317808691395028 -2.1154797833663213 -19.28079715740206 -29.92100890155042 -1.4817699476923032 29.061299686148192 -2.2465446706550676 6.219777573148686 -6.358710358691213 13.599599892669124 48.56810860598339 0.0 0.0 0.0 0.0 0.0 0.0 0.0 0.0 0.0 0.0 0.0 0.0 0.0 0.0 0.0 0.0 0.0 0.0 0.0 0.0 0.0 0.0 0.0 0.0 
-8.016184958847438 -30.194938055041547 -8.446661639247374 8.661355164189162 16.16594598115304 -7.025411085852222 16.15396034008186 27.989136345769904 -18.59362676709475 -28.657540678187566 -21.322447843843836 -1.9930251436997963 -2.908250796761313 20.82158587118874 -0.7370470698498286 9.481755030548843 16.41056850068887 -0.5084005195609361 16.911593037759094 4.582327535521354 3.3086921261423274 4.968401709782878 -5.481496633158545 -18.35043745935862 -6.379255662573466 13.31924406842495 37.19712704966935 0.0 0.0 0.0 0.0 0.0 0.0 0.0 0.0 0.0 0.0 0.0 0.0 0.0 0.0 0.0 0.0 0.0 0.0 0.0 0.0 0.0 0.0 0.0 
35.5085489568324 11.718627301701897 26.86076540875424 -0.4081198134592323 6.098032946205833 -30.061664427412467 -15.48804671164325 7.703131987688034 10.620711279510438 12.15183221442576 -10.081940693401634 -9.56586312827067 -14.546015074155235 -1.3625397927100364 25.021271448807127 22.018796444798884 -18.386685401751297 1.0485075293524682 2.2576490890270273 0.9845905501559442 -14.153298306905103 7.859738444014793 11.2964368707322 2.345511992523956 14.253593433148751 -12.365138723303728 -3.3178982843357496 35.787851983608824 0.0 0.0 0.0 0.0 0.0 0.0 0.0 0.0 0.0 0.0 0.0 0.0 0.0 0.0 0.0 0.0 0.0 0.0 0.0 0.0 0.0 0.0 
-0.7590186022868092 -9.742771237324856 -1.6456452314858607 -75.83216450836571 -17.146167658503817 16.99451087138886 17.650774006198635 7.60517636596533 10.122708151037102 19.30557855091274 -3.232113503801903 1.3657090660301363 14.872031115965752 -3.1122763694657714 -21.341885811034892 3.530506112228329 -19.350392504360876 7.297720251901476 -20.884089101439596 6.272030129931719 0.19252057386863544 2.8486180661733904 -12.2592891089203 15.447492992975228 16.614636744078357 13.107168094682901 -0.8659108601445876 -1.5714498502342054 55.174959908402464 0.0 0.0 0.0 0.0 0.0 0.0 0.0 0.0 0.0 0.0 0.0 0.0 0.0 0.0 0.0 0.0 0.0 0.0 0.0 0.0 0.0 
-23.019212209839743 -1.0869457601057129 -6.21661426245929 19.291700245479117 -9.919832221979526 -7.2021733560704355 7.442655796066943 -2.987187708974019 -17.559659197465635 -24.479394437447006 8.163401545220225 -2.0578505473333806 2.3683818425026533 -4.1821174751797265 -10.596226580533804 -8.209951497379556 -10.924985363321907 -19.105515637636568 8.885264290264956 24.767154164331615 13.735708667979226 -26.093369549637973 -2.9050360814764757 -13.193779831889811 -8.851424122217205 12.459850579595948 1.6744132767495514 -10.506530789980383 -8.020917931304139 40.50176430066938 0.0 0.0 0.0 0.0 0.0 0.0 0.0 0.0 0.0 0.0 0.0 0.0 0.0 0.0 0.0 0.0 0.0 0.0 0.0 0.0 
71.31296778182026 27.07092880606716 63.141866436904174 16.074550340169736 14.210563719251148 -6.660505294060429 19.151761782471365 -7.483014954568226 36.69251570313128 32.30887160683529 -6.34895217702868 -7.486566494019684 8.581161011481115 10.211314755547663 -6.022441844673508 -1.2959763447684651 -6.467525217641775 -6.913729904147113 18.896698738378568 -11.287564784230991 -21.895493570059113 -12.413548296257439 1.016840798472634 10.102206842015228 -9.428335405366926 -13.994918464030256 -11.653249696606691 -11.482026765645541 16.380530046777615 5.31414798563927 40.69431622220518 0.0 0.0 0.0 0.0 0.0 0.0 0.0 0.0 0.0 0.0 0.0 0.0 0.0 0.0 0.0 0.0 0.0 0.0 0.0 
21.88486828050883 13.847543089941567 30.79446920606112 -3.6493465846713415 25.12732397557045 -4.575508480253826 23.850840028605198 14.774526636250403 10.569386835619271 11.250125891294802 -13.975465315185378 15.442063112345917 -8.267223814286421 24.32768104455279 -1.2133238838320768 -1.243064483086797 -4.119017354445241 9.656455368908063 2.1998621783091594 -27.94225487138104 -2.4027315202737727 -1.1725279558458395 1.1345905988965117 -9.46545607427856 5.951523690903968 0.2353097593226259 1.6092033218289847 -11.619528284156123 17.00628268438734 -2.6162224033845236 10.096973435985792 35.151684300521424 0.0 0.0 0.0 0.0 0.0 0.0 0.0 0.0 0.0 0.0 0.0 0.0 0.0 0.0 0.0 0.0 0.0 0.0 
13.006945301481249 11.771854408012485 32.28225432723566 16.225230541085985 -8.576108254511595 11.607143539728122 -25.951471907211555 -10.816614430137111 17.261798005237537 2.264109274930321 7.321486041174048 -9.662942672695802 6.327947768429168 1.546064055620156 -3.7867636359611763 -15.260755953268497 -13.958362945256138 -16.040538146034844 -4.161645977268226 0.905210088364121 9.981537194405302 6.334932899067305 5.773714236999808 14.094399936738231 11.120154963504644 3.312335871259415 -4.405325100344876 5.5541397517037225 -15.417222499528563 17.512586582515315 7.744812530825983 2.9960672057270417 41.24086797209766 0.0 0.0 0.0 0.0 0.0 0.0 0.0 0.0 0.0 0.0 0.0 0.0 0.0 0.0 0.0 0.0 0.0 
-9.8948883999722 16.53643031350773 12.876977462552347 11.928329401324607 15.922308061595208 20.834551161238963 -13.99251222216339 11.270976682830048 11.573278933888123 10.224695863368368 2.142177601036301 -2.324445862987997 4.81784282467422 11.59949812504505 -5.506963482106464 6.250275384418111 -8.531182809213078 10.058032074195836 -20.20388463905409 12.10044470063203 -5.077730587895187 -19.179536661684224 10.525174543183889 -12.780509357408675 24.2496614516355 17.04562058043197 -5.17287215736007 14.409286422051617 1.9319161758946388 -7.858370239202 -0.679106792141021 5.318690798724786 -11.861331092137387 46.63415066891054 0.0 0.0 0.0 0.0 0.0 0.0 0.0 0.0 0.0 0.0 0.0 0.0 0.0 0.0 0.0 0.0 
-4.356172744444943 -18.88699326981562 -13.726564488219166 -16.25266206713679 20.280614096986756 32.29820778839084 10.558582867833625 11.047251177636362 -8.442935425415618 -1.1118911086813636 2.093254780047277 -5.921808694781431 7.606675702584478 6.581372060616792 -18.12051452344531 -11.686955881750341 13.16721331807466 5.571245603363813 -12.084212180656232 -14.73953356682509 -3.468812776472123 -1.732151502325001 -7.596507344798575 5.982245720884468 -26.959697599048976 5.100360125731793 8.955041296171892 -13.05631565255308 1.315315010439985 -4.623104538915259 2.3274745938630823 -20.911419567115455 -6.798087406722089 -13.882797551430745 35.57736835823593 0.0 0.0 0.0 0.0 0.0 0.0 0.0 0.0 0.0 0.0 0.0 0.0 0.0 0.0 0.0 
-3.7846810910338538 -14.301705169404837 12.963619275929604 -43.279033589152846 15.52061988736455 -2.498485448070053 28.35371426463355 13.954874314362856 23.468173163176033 -17.08165481303711 4.371781985009306 -2.186843581149046 -11.76195015972458 20.768705093026526 -7.8938662405933515 -14.710993579234078 12.922424241960643 15.280705688663941 3.2276364172844874 -4.331272868332262 -11.52976818691516 5.668750482019155 -15.54285438788167 17.721032417449102 -11.721367905746119 -0.17607066539728083 -3.7207745086349377 -4.179954269830024 16.577278515694996 -5.400415340242091 6.075776948548146 -0.3580337223457353 2.7016866211162265 -17.83844092399456 7.834267327882915 35.810657247492244 0.0 0.0 0.0 0.0 0.0 0.0 0.0 0.0 0.0 0.0 0.0 0.0 0.0 0.0 
-7.314690567552356 -20.088831850775037 -16.15672631597318 -19.667250853927374 -4.705024840926722 -15.993793240406553 7.299187102419507 0.5526777351353174 -3.738789367058336 -4.949944412190405 10.151574158961528 -11.797671140479157 -14.029374944069076 -22.695367627710677 25.103985633003635 6.124655216426479 8.674159598075038 0.9605370356510847 -8.425912903726855 -2.6565518495324962 -7.061636805080937 13.508326412647266 -6.694399726771734 -6.86532724370148 11.46357283860014 9.997273283340112 -3.57113469797654 11.618402725802715 -2.4472682461703132 -13.087863122166612 0.3360103772677055 -9.702462027819113 -10.24693341686275 1.138284548642838 4.690869781714937 -1.9694309599582578 32.750905216193395 0.0 0.0 0.0 0.0 0.0 0.0 0.0 0.0 0.0 0.0 0.0 0.0 0.0 
-55.13098278582002 15.815819300323094 -25.09878710550839 -8.937900679900386 6.961381228334184 15.405773139577986 -5.864410203755417 4.607572322427627 -0.6335979779588949 -3.6904600964677505 -3.1923522500492427 6.28109905220289 5.025263080456161 31.50526459415947 -12.546849237835787 -1.5841034763910047 7.985332114138515 -7.196736367068001 -2.4728425316108065 -1.451941759507445 9.344323975612188 -12.892160640981624 15.475383329574957 -13.174047154063905 3.759692456765315 12.660573779782048 14.357329069492243 -7.964323809531966 -2.030512341105131 3.318767743480023 -3.7327496452813334 1.092166884547033 5.678680371755998 6.622490662064034 3.992944856454536 1.1721400623400666 -3.299858269327891 35.20088004155501 0.0 0.0 0.0 0.0 0.0 0.0 0.0 0.0 0.0 0.0 0.0 0.0 
-2.1816650105557214 -12.654167726153046 11.104497696627677 13.320231879238293 15.336847339417421 2.648311234254256 -28.80557850320289 -16.975074569685795 10.89924846326318 -19.346537866399245 15.91321467286963 15.827276256025568 0.3676960962842351 -3.1182426540456456 -2.9587758672803406 5.583911745524095 4.008627679813456 7.984050813736098 -8.583655111866104 -4.370949883070138 5.797941206201599 2.601721302519252 10.092381764842019 2.2872814701323105 5.192336155995069 10.035340301308672 4.913386442654897 -1.1970455351084612 -18.245384508713144 4.167091667885642 -7.372423350180114 7.270610045601604 13.763124061955853 10.944114132654859 -11.438592273614843 6.448622470408384 -2.352909264589378 11.31841690035317 41.458273016899675 0.0 0.0 0.0 0.0 0.0 0.0 0.0 0.0 0.0 0.0 0.0 
34.819847569458304 -30.247471599667268 -10.919493859224895 11.045360379743085 4.167657771334344 -34.06152050411182 -5.829028418547751 -1.7850368503929417 -22.3370957109802 -17.852032577192404 18.58360148379669 -28.0561972105004 8.123757917177679 -17.893403804763828 -6.403267818536902 1.7545028579386204 14.590880395740598 -12.059062454820609 -0.7747986144457583 -0.49741709546558294 -1.6302736874769777 25.172954340658396 6.493881364703591 0.4734725526247262 19.86736850586397 6.484636049775831 5.702442290480503 -3.4345716148785836 2.3975808406736574 1.80381734072299 -4.594269265501391 -0.07446941047653714 1.3772643883648772 -6.381801389519464 -4.249356715495813 6.2428100908552775 7.923344558602481 -2.0961274863227826 8.940632318019833 31.83693259556644 0.0 0.0 0.0 0.0 0.0 0.0 0.0 0.0 0.0 0.0 
14.684325238850429 26.153783326264104 11.572023060898944 -2.8502996026779814 9.767072309780584 -17.646811455386853 -27.69581846322751 -1.4975305317690144 9.299968940640019 11.211008396362468 -1.7293808697797102 -4.309430057330491 8.400594004290301 -14.229890530118364 -12.469449503773667 -4.286897968038401 -21.279347514712487 -1.5113385876643253 -5.206474406011909 8.857093081968339 6.223434800586794 26.55327682730389 -2.5932642596543696 22.878846319889412 11.156473492311633 7.656980681978198 -14.877794746959207 17.681253105638316 4.646591241149468 -6.982632094572764 -8.68803804637985 -8.063948072875922 -0.8786674447428893 18.043879053672157 -12.747411006611236 0.07416063652806525 5.119170378771121 7.5820260160495625 -2.6160564288108814 -6.335114973857105 29.8462225579685 0.0 0.0 0.0 0.0 0.0 0.0 0.0 0.0 0.0 
35.67532455500694 0.5671047042788943 33.61970819197097 50.73971546808665 52.72538522323645 -30.17775083349264 -13.952291226549574 13.20425770431751 -2.3688026223688823 -5.338979987946632 -7.751489802623025 8.320935354903023 -21.651668605498962 3.0879667874848153 16.090266278512797 -3.446598990353322 20.347264265372758 -2.426379762322272 12.90305939554526 0.4610781734379307 -20.59923745074499 21.26181844437915 1.3447176359761313 11.742487167239242 -6.420276611446594 -10.324932568825549 4.3248076405881015 -2.1110825614417825 -8.513753340525193 8.839883432123818 -5.033238435347833 4.944731617230678 11.275424716557064 -10.44130647469936 2.3864474816497037 15.203078550663664 -0.9969011220192447 4.2308805114311205 5.895043966515036 11.435386701783242 -0.4724956805272362 25.09660200755984 0.0 0.0 0.0 0.0 0.0 0.0 0.0 0.0 
25.93143244094313 -26.60357660318128 18.418308592497425 -29.46670877731195 -22.539649673703302 -6.104096500158574 11.981046580734649 -4.229106482846458 11.838812042333009 -0.7142033793426389 9.19282671619853 -24.021896870558837 17.62230203218632 8.589956351710116 8.069346336909211 -0.678232458001331 9.847646054088768 -1.2490787872988318 5.858877797803883 -3.459540545579153 5.734530474911622 14.697691159114676 -3.9073790482815736 4.10933883668559 -13.981518635914485 -6.586417978451128 9.675215672080153 -3.105535714438355 6.55600618373775 -2.1481719478899115 1.8928681158024603 -11.323573753847468 7.472520206845898 1.0954348307625508 1.9638556644601204 -13.635819733492136 -7.092790425175759 1.3802820055942786 -4.710938050172307 -4.559424941928677 5.206583791179852 -9.430634119253144 26.90486495801895 0.0 0.0 0.0 0.0 0.0 0.0 0.0 
19.238480189061136 8.154542061309574 24.612385399952405 -19.27708847287959 10.628751409386332 6.586664359680248 -9.185406738826174 9.209775933261941 7.173462149985044 18.83673376127897 -11.682719841665193 10.324025537876606 19.925331217036515 2.2453519464816067 -16.900734632452338 8.556383339512767 -8.209571701603288 13.66709534515382 7.457334363595098 -30.1434555049635 -3.3237129080526295 -4.705370577522498 -10.15972761346406 10.3176990008457 -7.53204141574147 0.18132027484600072 2.8507663536444157 -4.411714065419113 -9.033082780161315 3.7236501649826668 -0.451009976992321 -1.6591775089632512 3.811453784168216 7.500411159279941 -1.324363192875457 3.7221698121061326 0.933818873876082 4.456959369950104 8.649274034254471 0.37788981832984264 -1.9046752487042895 -8.55052043607258 -1.9380914535605869 28.466190841612203 0.0 0.0 0.0 0.0 0.0 0.0 
67.80905709284654 0.21643488419573442 45.395069837413516 32.84483803424461 33.568852487114434 -18.137611148348714 -8.20299230519026 22.821934330932127 1.9423817049114689 4.083944829391147 -11.130629617903768 -6.708431136117374 -12.2252829501364 -9.159161223501252 -4.653470745306336 -3.9126031296888444 6.434276445462688 -13.521310953303852 3.1628853831994315 -13.99356859610509 -6.470947183464232 14.921228988228844 10.200813647245129 7.3640434957453 9.478583210495232 -15.609723889442169 -2.2043895741171946 -0.03869073873534482 -3.333184442569635 2.1015481615968317 -1.8639136823097204 3.1921757818181167 9.517268530320964 -1.3665125717549762 -2.3418679380962786 5.656188605977091 -5.335329500560141 -3.2858402449522357 6.053117657021608 5.043948816750872 -0.34726433144886043 -1.836225641973512 3.8252789742343256 -7.476637717614861 28.941394322336816 0.0 0.0 0.0 0.0 0.0 
-43.21578825915723 19.601101746057747 -19.123796138258093 2.7044931853071588 -15.44265006628293 8.484036592877446 1.3466391307037362 -4.954381499742172 -9.818960276527157 7.693544512976518 -11.79132094529653 -0.046894707971924944 15.343203230663017 4.548527471083185 -16.72987899149605 15.143621687181506 -4.619773676948667 -6.432187813756947 -10.151879990917301 1.7953823252254626 11.813105087840635 -16.10775997175332 -0.3672960348924058 -0.38641434040302236 -4.524909002848973 7.421869272406106 4.041335018071063 -4.6709620588540615 -4.659247504664558 7.20646388057249 3.003307549504216 3.464253323877044 -3.5425477756100534 1.8809719138483756 -3.1546872875563285 -11.916043774484768 -2.707074632534498 -2.5056136774799382 4.081173687050857 -3.6663880815591146 1.0434557900231587 -0.40677946010812416 2.1897933970851664 -6.058093545816983 -1.047056112663474 26.485180567386223 0.0 0.0 0.0 0.0 
-15.241986877296437 9.472780277100577 -5.442666926229006 -44.049016343872 -5.229242428701092 18.823272222261306 21.708682872117752 -20.94993154330927 23.156967978667332 13.731942047388323 -13.366363865217316 7.155441204832595 -3.224096781577994 10.283308970038293 -16.148851681902876 -4.621121992774787 -17.48177299515265 -10.978027043222186 -31.489436127458298 -5.878948419060353 5.814328249308281 -2.3178410629655937 -2.332384285392403 9.673077443984992 0.39551493179200325 8.396128245632646 -1.5823652943433792 -5.50666819436983 11.232645957603639 -12.230316787641877 1.3485898396597884 -10.116293448839992 0.5496559935139214 -6.428815954052716 7.390206673321948 5.842715682723567 -11.20588181374416 4.423131693426187 4.017048581618589 -9.661757457391776 1.5558121813364287 -2.2599900833439137 -1.910068483648194 0.967185594110645 1.0578025868544234 -2.0034910926434475 23.352795856100393 0.0 0.0 0.0 
109.90557850179346 13.31948041444963 59.513105562807496 50.61233418231244 -9.338617473187126 -56.72347604292769 5.183474588113725 -2.7074477062170637 17.001776207874926 14.00524957130392 -8.776431986655393 -11.149347274624693 4.087447222937124 -17.391397183431895 23.222894327952606 8.858656408795241 -18.516859462192624 -36.98465911747017 26.206810585055994 0.10797950501706308 -5.661489866222487 6.5133458818050745 3.4693033238984103 -16.342059315832614 -1.087139846258287 -15.382275987751308 -11.103391920141044 13.17686562782103 -7.240278983322319 5.93154596676141 11.135770826690461 -17.0849383628647 -2.878331631166716 -1.2562209543581988 -0.6364772136019361 -11.314320107350293 4.688831583778101 -7.233542040693574 -8.044391410019983 -1.4366895621056492 18.308632465896167 -8.816134635099536 5.802002362370426 -0.0656438259285345 1.0836432565575311 0.36724670456075026 2.6359031819967003 32.33032783043185 0.0 0.0 
18.097375369743098 -9.02098977459486 19.270834513706617 -0.2399137601369702 18.605813679721546 -21.22943616142397 -12.428912189638021 1.229775978225625 0.31729048659414844 11.17880398380547 -0.7372828086268458 -12.837317001886268 9.433227592468844 -17.1953501563629 8.501780612862838 10.300276677445838 -7.954007970109946 -15.002694838208408 5.8721807669355135 10.930829316487456 2.908023887332103 10.635357768550023 -1.2497715436904955 16.867124647371195 19.26346379351101 -15.49509142681895 2.2125061693705868 10.06186208672804 -9.306600730210395 0.8009688181636744 -5.354481308526596 -1.3217491317492407 -4.941136231986758 -4.562197615948049 8.559412059898314 5.7548018190817505 3.0864916033599408 -0.8439031605114612 7.4178229932386754 0.237501916647712 -3.1136506962474004 -3.6545248321816692 1.5528560924553005 0.05428234134210604 6.401188779074785 -2.5636821507788876 -8.073573069358051 -1.6157111693857744 28.724884611503395 0.0 
13.32554301401598 22.589441718855575 -23.818460469893857 43.32022149516475 32.16906806665894 -26.38419311489644 -1.6206165195929052 -25.868135401275435 4.143789994206171 -22.41459213149016 -4.88754650268251 47.09856106689984 -8.436075830669552 -0.583432615333493 5.615422761444825 -17.00752566360124 -8.597374153751572 5.139217705893333 -4.839030867652467 6.39186440834689 6.74223228170506 12.648192620696223 5.891372132270487 -8.663906858042484 10.499521395152799 20.74734418556551 -1.236194358328724 -6.553350427538557 12.75787065752368 10.018928191203146 1.7401885619249429 -3.561466535239513 14.518386262545553 4.03542904755917 -8.209864609154444 -21.01152379350276 13.821570460801874 14.829160492188505 5.736241354206006 -2.915149933152976 8.261428820984536 10.329443762821285 -3.5501802475010718 -4.7391427309008805 -1.8778556415616967 -3.474249583131581 5.593081851454411 7.98775441356763 -11.499998864027171 28.902007747304474 
