-0.29499986403545125 0.3414829546824578 -0.2095459079647549 -0.16692721270082397 0.44074319898088377 0.4393075361497661 -0.3627556378187183 -0.3654969949335402 -0.045741106654349356 -0.5058840827811953 0.16736765186704505 -0.29417809542357304 0.22833052232957485 0.1395096908779476 0.10256086614599665 0.0385281729973895 -0.2830890041970285 -0.09919145212256451 -0.5580908597669255 -0.8108724144187212 -0.5551093150383545 0.2591617392259008 0.3187718158942223 -0.27267682467620574 -0.2692523246860422 -1.0514060248604986 -0.27941269868353014 0.5455569223796526 0.29399677318454875 -0.3353760307524305 2.3708329208576338 0.3673403124734924 -0.12048099872637912 -0.26360167021572734 -0.04413657601844054 0.18442663558621705 -0.033358024914770155 -0.17133017557483868 -0.043353265093169516 -0.3745687711551756 -0.2674173539977962 0.19523108655201904 0.26329385005116784 0.03169139148637562 0.3704591331420346 -0.210373830501133 -0.03868270881188728 -0.7205136173305948 -0.10199547419579004 -0.22924016794031357 
63.26180687599811 0.0 0.0 0.0 0.0 0.0 0.0 0.0 0.0 0.0 0.0 0.0 0.0 0.0 0.0 0.0 0.0 0.0 0.0 0.0 0.0 0.0 0.0 0.0 0.0 0.0 0.0 0.0 0.0 0.0 0.0 0.0 0.0 0.0 0.0 0.0 0.0 0.0 0.0 0.0 0.0 0.0 0.0 0.0 0.0 0.0 0.0 0.0 0.0 0.0 
-15.932072633492236 44.87155140403923 0.0 0.0 0.0 0.0 0.0 0.0 0.0 0.0 0.0 0.0 0.0 0.0 0.0 0.0 0.0 0.0 0.0 0.0 0.0 0.0 0.0 0.0 0.0 0.0 0.0 0.0 0.0 0.0 0.0 0.0 0.0 0.0 0.0 0.0 0.0 0.0 0.0 0.0 0.0 0.0 0.0 0.0 0.0 0.0 0.0 0.0 0.0 0.0 
33.65212939967928 -9.410976848481274 50.15858925891283 0.0 0.0 0.0 0.0 0.0 0.0 0.0 0.0 0.0 0.0 0.0 0.0 0.0 0.0 0.0 0.0 0.0 0.0 0.0 0.0 0.0 0.0 0.0 0.0 0.0 0.0 0.0 0.0 0.0 0.0 0.0 0.0 0.0 0.0 0.0 0.0 0.0 0.0 0.0 0.0 0.0 0.0 0.0 0.0 0.0 0.0 0.0 
9.759473468616944 4.718590284776297 -1.5274341707742667 45.09339237866784 0.0 0.0 0.0 0.0 0.0 0.0 0.0 0.0 0.0 0.0 0.0 0.0 0.0 0.0 0.0 0.0 0.0 0.0 0.0 0.0 0.0 0.0 0.0 0.0 0.0 0.0 0.0 0.0 0.0 0.0 0.0 0.0 0.0 0.0 0.0 0.0 0.0 0.0 0.0 0.0 0.0 0.0 0.0 0.0 0.0 0.0 
-25.150531597441606 25.76854697998602 -19.143972674073332 -10.311572981524796 75.0861204474025 0.0 0.0 0.0 0.0 0.0 0.0 0.0 0.0 0.0 0.0 0.0 0.0 0.0 0.0 0.0 0.0 0.0 0.0 0.0 0.0 0.0 0.0 0.0 0.0 0.0 0.0 0.0 0.0 0.0 0.0 0.0 0.0 0.0 0.0 0.0 0.0 0.0 0.0 0.0 0.0 0.0 0.0 0.0 0.0 0.0 
-9.917359010972774 11.060128795139024 -21.79942245713573 -5.637785892169594 17.68688740098458 65.52308248945816 0.0 0.0 0.0 0.0 0.0 0.0 0.0 0.0 0.0 0.0 0.0 0.0 0.0 0.0 0.0 0.0 0.0 0.0 0.0 0.0 0.0 0.0 0.0 0.0 0.0 0.0 0.0 0.0 0.0 0.0 0.0 0.0 0.0 0.0 0.0 0.0 0.0 0.0 0.0 0.0 0.0 0.0 0.0 0.0 
18.346252483971686 -8.202740908066506 8.768795719570742 -6.745841963132171 5.507666523700442 13.16835905291105 58.14827564572805 0.0 0.0 0.0 0.0 0.0 0.0 0.0 0.0 0.0 0.0 0.0 0.0 0.0 0.0 0.0 0.0 0.0 0.0 0.0 0.0 0.0 0.0 0.0 0.0 0.0 0.0 0.0 0.0 0.0 0.0 0.0 0.0 0.0 0.0 0.0 0.0 0.0 0.0 0.0 0.0 0.0 0.0 0.0 
34.21824706076117 -15.372510705564604 20.788737919621813 2.455614719994236 -24.88798700309209 -6.086314526782543 7.319074423103899 51.7176772164464 0.0 0.0 0.0 0.0 0.0 0.0 0.0 0.0 0.0 0.0 0.0 0.0 0.0 0.0 0.0 0.0 0.0 0.0 0.0 0.0 0.0 0.0 0.0 0.0 0.0 0.0 0.0 0.0 0.0 0.0 0.0 0.0 0.0 0.0 0.0 0.0 0.0 0.0 0.0 0.0 0.0 0.0 
21.85997443324649 -14.446819416500299 3.072231321695266 -7.8242027070243365 -18.910046271220896 -2.893245348307389 19.331106285513886 8.325098747075442 45.86378433584027 0.0 0.0 0.0 0.0 0.0 0.0 0.0 0.0 0.0 0.0 0.0 0.0 0.0 0.0 0.0 0.0 0.0 0.0 0.0 0.0 0.0 0.0 0.0 0.0 0.0 0.0 0.0 0.0 0.0 0.0 0.0 0.0 0.0 0.0 0.0 0.0 0.0 0.0 0.0 0.0 0.0 
14.302216249208302 -3.739395838372635 4.210621529472567 4.388747364889267 -8.841122214753605 7.529495500591847 8.371276581992898 -8.352139751032855 -5.229944781593598 43.50706617867549 0.0 0.0 0.0 0.0 0.0 0.0 0.0 0.0 0.0 0.0 0.0 0.0 0.0 0.0 0.0 0.0 0.0 0.0 0.0 0.0 0.0 0.0 0.0 0.0 0.0 0.0 0.0 0.0 0.0 0.0 0.0 0.0 0.0 0.0 0.0 0.0 0.0 0.0 0.0 0.0 
3.666915434430582 -2.20140327157898 -9.913332441405611 -5.412166981457535 11.943072241437681 7.3855570498298295 13.358163893450378 3.430198618477348 9.72867198219783 10.741422025164155 40.08594043997808 0.0 0.0 0.0 0.0 0.0 0.0 0.0 0.0 0.0 0.0 0.0 0.0 0.0 0.0 0.0 0.0 0.0 0.0 0.0 0.0 0.0 0.0 0.0 0.0 0.0 0.0 0.0 0.0 0.0 0.0 0.0 0.0 0.0 0.0 0.0 0.0 0.0 0.0 0.0 
4.532320646441852 4.564931199944637 -14.028381907396433 -1.0709740821501637 -3.038401522186212 -18.50407914983169 -19.033576578442652 0.2202934352646647 14.005562261557708 -4.2839172970327235 3.3238625514594453 54.527211363759584 0.0 0.0 0.0 0.0 0.0 0.0 0.0 0.0 0.0 0.0 0.0 0.0 0.0 0.0 0.0 0.0 0.0 0.0 0.0 0.0 0.0 0.0 0.0 0.0 0.0 0.0 0.0 0.0 0.0 0.0 0.0 0.0 0.0 0.0 0.0 0.0 0.0 0.0 
12.83975021440041 8.191174505422255 -1.4828095040524252 5.469417892422467 -0.1652532178453944 -5.1174343037903816 -21.29022994132313 -37.72590707288281 -9.457024208772115 10.757094631337571 2.108086995800814 -29.53249261435475 57.1380273644423 0.0 0.0 0.0 0.0 0.0 0.0 0.0 0.0 0.0 0.0 0.0 0.0 0.0 0.0 0.0 0.0 0.0 0.0 0.0 0.0 0.0 0.0 0.0 0.0 0.0 0.0 0.0 0.0 0.0 0.0 0.0 0.0 0.0 0.0 0.0 0.0 0.0 
14.912128201107906 2.771279312775196 -9.158349416421354 -7.447872491336906 5.188567887460093 -6.422067785479475 -2.454678550354053 4.65312294495219 11.099531138619371 5.517975932830907 -0.18373494413271982 14.902331107959824 -15.267281644043825 41.61460059020539 0.0 0.0 0.0 0.0 0.0 0.0 0.0 0.0 0.0 0.0 0.0 0.0 0.0 0.0 0.0 0.0 0.0 0.0 0.0 0.0 0.0 0.0 0.0 0.0 0.0 0.0 0.0 0.0 0.0 0.0 0.0 0.0 0.0 0.0 0.0 0.0 
0.39425804531985503 -2.708437224414621 0.43160801023901696 1.479637193905324 1.732779887172704 14.36306145777926 2.856313184508767 12.932737486662262 -1.3050182120050264 3.8190734190656745 0.5091001754200078 -19.167246343818192 -6.7106127185070505 -15.516087226060664 45.17377514608586 0.0 0.0 0.0 0.0 0.0 0.0 0.0 0.0 0.0 0.0 0.0 0.0 0.0 0.0 0.0 0.0 0.0 0.0 0.0 0.0 0.0 0.0 0.0 0.0 0.0 0.0 0.0 0.0 0.0 0.0 0.0 0.0 0.0 0.0 0.0 
0.6833806623209969 0.10565414945539105 -11.484933337189455 -6.691947551985737 0.53297297190055 2.6134828441766493 8.098855834891891 -6.821793470182945 2.5357155494505985 -7.84730886475194 3.1021882959479417 15.136553102890328 -1.8648624980870152 -8.142941078632463 -2.112587836596327 36.558547264167466 0.0 0.0 0.0 0.0 0.0 0.0 0.0 0.0 0.0 0.0 0.0 0.0 0.0 0.0 0.0 0.0 0.0 0.0 0.0 0.0 0.0 0.0 0.0 0.0 0.0 0.0 0.0 0.0 0.0 0.0 0.0 0.0 0.0 0.0 
-2.398806586546571 4.529260585108991 8.069985677847836 -5.0913956127797 -1.3792448225006897 2.660437309478939 -11.54861028187731 7.528318934433643 2.1888656676078084 4.524807783921497 -12.549676072172081 -4.5954991061098305 2.904714785175061 -8.611668611178665 -4.666012989245677 -5.894538620053644 42.87189728808584 0.0 0.0 0.0 0.0 0.0 0.0 0.0 0.0 0.0 0.0 0.0 0.0 0.0 0.0 0.0 0.0 0.0 0.0 0.0 0.0 0.0 0.0 0.0 0.0 0.0 0.0 0.0 0.0 0.0 0.0 0.0 0.0 0.0 
4.107859423780524 10.069723364467675 8.682052751144084 -3.490965533427654 18.287536216166878 0.8484787243843659 12.801073921743106 -6.297320625216192 -2.111081208441791 4.0470835365044735 9.620498026796124 -6.756237662035428 2.5083678497673834 -5.970218519673758 -5.743051625594538 -4.467944359460097 0.8330506039044382 32.572152100947896 0.0 0.0 0.0 0.0 0.0 0.0 0.0 0.0 0.0 0.0 0.0 0.0 0.0 0.0 0.0 0.0 0.0 0.0 0.0 0.0 0.0 0.0 0.0 0.0 0.0 0.0 0.0 0.0 0.0 0.0 0.0 0.0 
-19.070759301629412 -15.294547329598094 -21.880375627792787 -11.585856963008947 10.391201209841565 13.250453385594273 -0.49606328036825625 -2.594183137575689 13.731377530773115 1.2425297658339773 -15.063502104952937 -7.402493374634044 -8.33376927250649 -3.126566711367632 16.172991618090805 6.855936711693625 -10.43552872491762 -8.81398813430798 38.4161346285497 0.0 0.0 0.0 0.0 0.0 0.0 0.0 0.0 0.0 0.0 0.0 0.0 0.0 0.0 0.0 0.0 0.0 0.0 0.0 0.0 0.0 0.0 0.0 0.0 0.0 0.0 0.0 0.0 0.0 0.0 0.0 
29.20453291760899 -15.245587977544046 4.641790670277717 0.5481779959140671 -2.3943470956478405 19.306112994582428 -13.100877802004387 16.83184675760511 1.27471865006557 1.3691197763412404 10.040482678821654 -17.887829458064136 0.044129106427352835 -14.511513786126745 8.561957955002697 3.323149224425282 7.744323197491332 -9.014584364805899 1.7017249330922946 47.601674997211795 0.0 0.0 0.0 0.0 0.0 0.0 0.0 0.0 0.0 0.0 0.0 0.0 0.0 0.0 0.0 0.0 0.0 0.0 0.0 0.0 0.0 0.0 0.0 0.0 0.0 0.0 0.0 0.0 0.0 0.0 
5.16024988262812 -4.0867224573559024 2.1089852223236756 2.121970147876874 13.192811445804164 -9.117274661992235 -1.261202085960465 -4.1728354682922335 3.975579068652862 9.381547255513677 -18.715407110916583 3.257346863495577 3.378557585781817 -3.977133826542039 5.3578785651824 2.22771016469762 2.7659751017676393 4.712585222160006 12.654150466773206 -6.0823229776890875 40.246581810958126 0.0 0.0 0.0 0.0 0.0 0.0 0.0 0.0 0.0 0.0 0.0 0.0 0.0 0.0 0.0 0.0 0.0 0.0 0.0 0.0 0.0 0.0 0.0 0.0 0.0 0.0 0.0 0.0 0.0 
-14.99325319117682 -1.5542807991673278 -5.02144776274667 -11.133506994848672 7.6610708249346695 23.605906971254388 14.733036938248903 17.10986840288339 -5.363036334167869 6.816216947416465 -6.4411038178967805 -16.98852065216453 -19.466120384025835 2.330828292913969 8.585686757755699 4.69225141641814 -6.241947213284481 10.277388765203055 4.625377680045592 -1.8182603821294363 0.9204870990023323 43.132216068429805 0.0 0.0 0.0 0.0 0.0 0.0 0.0 0.0 0.0 0.0 0.0 0.0 0.0 0.0 0.0 0.0 0.0 0.0 0.0 0.0 0.0 0.0 0.0 0.0 0.0 0.0 0.0 0.0 
-4.978438248987221 26.366586843900937 6.504475854193151 -9.82847768339362 -8.96320655578591 3.9043313686523993 6.114661850218777 6.221024699126324 -1.3431399017599948 0.12562367572852712 2.121566779865239 4.532734747198823 1.73726127288884 -7.865234297264054 -9.339555897724903 -2.3445042146870594 2.6121887549450586 6.011764337039912 -10.069295934702073 -4.660701872749322 -13.257197084051194 14.34765800304403 36.411006902442104 0.0 0.0 0.0 0.0 0.0 0.0 0.0 0.0 0.0 0.0 0.0 0.0 0.0 0.0 0.0 0.0 0.0 0.0 0.0 0.0 0.0 0.0 0.0 0.0 0.0 0.0 0.0 
-20.087042884144243 0.8116862617406074 -5.291991484246228 -12.161092539465962 8.136543971545493 15.407536105413918 2.8908152047072617 16.476748213281358 -0.3466817690940437 23.418773872902527 3.506664135722973 -29.882083974179537 -1.3626675827698478 -1.6385838525833776 11.092759909849743 -16.947508705910522 9.136056192452694 -1.0711637375626943 6.300244909319637 4.437998256390704 2.981258628920852 -0.6725567657362097 5.407771893311746 34.406872263235805 0.0 0.0 0.0 0.0 0.0 0.0 0.0 0.0 0.0 0.0 0.0 0.0 0.0 0.0 0.0 0.0 0.0 0.0 0.0 0.0 0.0 0.0 0.0 0.0 0.0 0.0 
41.73555930910301 -10.47738399737777 26.75758383942344 6.563094573204838 -18.448320636268303 15.120128187688962 14.341232496348438 1.973685021835798 -3.359702161225028 5.489165142948756 -5.510682982243667 -20.09905142019348 16.67962441533964 2.7639703806464104 0.2728647899513211 5.530977858457727 5.23322554831107 -3.786117271208884 3.5468635353569047 3.832581548738373 -5.469691265343923 13.642203811914113 -13.179001440194648 -2.8389673059000717 39.35639121380695 0.0 0.0 0.0 0.0 0.0 0.0 0.0 0.0 0.0 0.0 0.0 0.0 0.0 0.0 0.0 0.0 0.0 0.0 0.0 0.0 0.0 0.0 0.0 0.0 0.0 
24.372747102782252 -4.088747812161704 7.656511266026138 9.60986082989792 -10.615384176517665 3.9580751308446276 2.2366631668689303 -27.703600156615448 -11.700745135921643 6.93089422598891 12.092667748976101 -0.5134219197181535 8.213712493131094 -4.87097821757859 -9.94104681851977 9.506478737800604 -3.6354833011693746 -6.079473097928282 -0.718890339730325 -1.5544009519053146 -16.138722812469855 5.848387022387117 7.001702337724854 -9.867794983152557 6.759752579504156 37.03234449135465 0.0 0.0 0.0 0.0 0.0 0.0 0.0 0.0 0.0 0.0 0.0 0.0 0.0 0.0 0.0 0.0 0.0 0.0 0.0 0.0 0.0 0.0 0.0 0.0 
11.987663392160703 -19.181149935001457 8.222981198638717 1.129306257075997 -6.59454502494321 9.412488989619913 -19.630617744740547 18.44361559810203 6.908880406753629 0.8742280471830823 -4.326831226042328 8.881599593437446 -0.8420168498897991 -8.81523427611148 -9.737761867524446 0.7934177593159469 12.547883332482797 -16.861789931990707 2.667197587938961 15.10076382632716 -4.647669113292775 -4.922177198781265 -1.200246592987249 -2.4833033984671067 4.314382056535064 2.743752156424919 37.932188116291336 0.0 0.0 0.0 0.0 0.0 0.0 0.0 0.0 0.0 0.0 0.0 0.0 0.0 0.0 0.0 0.0 0.0 0.0 0.0 0.0 0.0 0.0 0.0 
-5.108447030138268 13.916201289559625 -23.17111318211344 -2.2977133709000324 -12.129804716050854 -24.65189111681531 -4.500324281668858 -23.111992549261615 -5.723439102946518 -17.576890041627248 -5.274376430572474 38.88255540193423 -16.304169649727754 13.200787460648407 -23.747205640220823 20.314399612073345 -15.255826915305763 2.419785386926814 -5.0405148625025005 -10.456215590453676 -16.38722197558516 -4.945888185381604 5.281725304894867 -19.349176800798283 -1.600012172106752 -2.8718785216800082 2.724776031984746 35.12886077822828 0.0 0.0 0.0 0.0 0.0 0.0 0.0 0.0 0.0 0.0 0.0 0.0 0.0 0.0 0.0 0.0 0.0 0.0 0.0 0.0 0.0 0.0 
7.4703520354415875 0.08385118291188229 4.0595393776078925 1.435011415918519 -15.564159966793957 -9.185881023316773 -2.1009602803436827 -18.935768024977747 -14.994144742337014 -0.47321600561701516 1.7785504734571171 22.987538701663997 1.8563186434046826 -7.097103438919152 0.2425625051318092 9.55073355592018 -11.534416628239878 2.4253965702027918 -7.131612180002067 -6.14186276713274 -3.8477307124712725 -9.811642257912851 0.6477368071722124 3.2988968483032095 4.163020987558549 3.467610042479436 4.38202961240495 5.785957566751399 30.673136994400252 0.0 0.0 0.0 0.0 0.0 0.0 0.0 0.0 0.0 0.0 0.0 0.0 0.0 0.0 0.0 0.0 0.0 0.0 0.0 0.0 0.0 
25.04573565542835 -10.402787190763398 18.101007682252224 -2.227766616610377 -3.6316036205606155 -1.2380586144509806 11.192395089782583 -2.532996062290875 9.33665923710159 1.5653736679005148 -6.78306395790425 -0.22129127294584758 19.80978880763166 -5.95244387013885 0.7971490169051031 1.4617833220738605 5.995288658393701 -6.081150397865818 -2.6527720178937693 3.239894733778742 4.451835379095138 -1.1264451384461165 2.3253727639205417 1.3884951808826798 7.296121695724549 3.7083024202665276 7.538584750037135 -7.573764413850301 5.73919383257473 34.78904240742073 0.0 0.0 0.0 0.0 0.0 0.0 0.0 0.0 0.0 0.0 0.0 0.0 0.0 0.0 0.0 0.0 0.0 0.0 0.0 0.0 
7.138246245428599 16.91411418896496 4.568498826129618 8.145118457048387 4.290533968250769 -7.046356869066742 13.296075359750006 8.317911053912692 15.553202838216636 -6.4720252175155455 -5.019986387783585 -10.59363292227447 4.157122887168274 -0.9267788173283199 -8.99066962536653 3.2500644169777733 13.820298074780867 0.5060354186112805 -1.6707232589995493 -11.149063505244744 8.221056802099046 -2.6054371824115927 2.072200957478696 -0.6753151454092281 4.812275230566155 -11.966164475101843 -0.27388271715231527 -7.765833600763338 3.976138615382012 6.707604441375079 36.3459776217001 0.0 0.0 0.0 0.0 0.0 0.0 0.0 0.0 0.0 0.0 0.0 0.0 0.0 0.0 0.0 0.0 0.0 0.0 0.0 
-12.44274113623576 -3.685482271823552 10.401042768487837 -14.46791644759439 0.9745413325353092 12.602459315313581 21.74000077482499 8.654882248793689 -3.847661206025312 4.428339563810987 12.924509940268715 -16.79645749520738 -11.360034203816527 -0.7215283539821168 7.049044065080469 1.0782329080643547 -8.560487875572244 -1.5553030622361417 1.983434300211473 -0.2296534840021585 -3.591121882217512 -3.286655252032396 0.04213326422480679 2.575069582160295 -0.8573072234419167 10.377526148762 -6.211241821621609 -9.066092435500323 -2.530153807227698 -18.669821430523992 0.0323487694563852 34.03812907289629 0.0 0.0 0.0 0.0 0.0 0.0 0.0 0.0 0.0 0.0 0.0 0.0 0.0 0.0 0.0 0.0 0.0 0.0 
25.948430523366568 -12.835508268905206 14.682452084578058 1.259846566846738 -11.723006281057623 2.525995068486116 5.334637993961078 4.997928523016713 0.6898637630593839 0.2216964870681698 7.263583555822183 12.156930036356524 1.5981672222244196 -2.3729496096738942 -3.809556210846507 12.596585428476859 -5.601304995846704 -3.887745819854583 -4.1401437509602905 9.517601586051113 -10.672134108409814 -0.12093285719002478 -0.2699548821268368 -1.0924000443572008 12.075248444126572 7.795314354241649 -7.379438302529849 -0.5002911417280598 -2.422529759922621 4.69826169519694 3.9072057460616656 8.185253827094586 28.42060651452835 0.0 0.0 0.0 0.0 0.0 0.0 0.0 0.0 0.0 0.0 0.0 0.0 0.0 0.0 0.0 0.0 0.0 
-5.365554079520103 -7.3275755803088645 1.911292454897714 -5.384699823333589 -1.716955953131039 -5.020539273607813 -3.5206013378165784 10.102387089145306 5.03839966438573 -5.987430163390009 8.053484447383001 10.12273420865565 -19.35483424623718 1.5014275697877166 -11.121545881096118 9.063433342439861 -12.396140813303385 9.516775035455666 -1.906937044911796 -11.764316498950642 -5.05287267003248 -8.080606142294863 -2.027608583549868 -5.31843327425248 -2.4519764647474056 13.095510489743912 6.733616694631097 4.8447393374709895 -7.174275354304958 -16.988373503437263 2.5381311942282703 12.62131412145618 4.764715210045603 40.96811530159347 0.0 0.0 0.0 0.0 0.0 0.0 0.0 0.0 0.0 0.0 0.0 0.0 0.0 0.0 0.0 0.0 
-11.48233776376429 5.998955269655906 3.325012827671536 -4.841451863498352 9.636628877907867 -3.484166287128077 -2.1708678393505147 5.500575576530193 -2.754097776323948 1.460081742396291 12.500313435697683 8.519378476904922 -0.9374515509435354 -14.005935769429987 1.129804446703399 8.17484496417322 2.5576787913599563 5.464594489865998 -7.270250208202521 -10.403232261828503 -2.524257352927806 -0.7311674465109445 5.794691566282192 5.011371583169884 -6.048389055928399 6.7014754660739655 4.636403775318793 -6.520977803651735 3.344382017343817 4.099653794620635 -1.281624431468333 -10.205132152412471 5.052651739816514 3.116180869521187 28.55084714537093 0.0 0.0 0.0 0.0 0.0 0.0 0.0 0.0 0.0 0.0 0.0 0.0 0.0 0.0 0.0 
13.412396519860284 -4.707754069900871 -8.452643571720214 -3.291797190402134 -4.309696184707693 -11.002102952041472 3.350084017206136 2.0552535853880087 2.49425716845718 -18.243835376396216 13.22175506331542 12.800484228555675 -16.354137294240886 -7.498349336989595 13.500575426133414 11.001708963523212 -8.13053756166461 9.604692085088608 5.09114611814262 2.3747320476907334 -7.411408029164361 -5.001674544435096 0.7677273373593836 -8.891793834728013 0.893328883292318 3.4961374355162977 -10.826523879343423 6.9252631107928435 8.62087174829651 -5.543411515190453 7.859612967956454 1.4596210445690967 2.6511891682324666 -2.417618017065669 8.549995699394612 29.148688801621983 0.0 0.0 0.0 0.0 0.0 0.0 0.0 0.0 0.0 0.0 0.0 0.0 0.0 0.0 
8.35878274070225 -1.8241695190211866 1.7850574812027593 -6.357863996292353 -4.697132490000333 2.312166335403049 16.58482271842293 9.48941495036834 6.126612683023605 -11.77918969119735 12.091953350479548 5.710621001108198 -12.384345977648428 0.4135703071810961 2.3600427189042024 7.712448108739045 -5.557372220840377 0.8040073451329509 -5.600590142232072 -0.6502661842829152 0.5388491568468673 -3.008971885901215 -5.445945254109031 -9.712681297894719 -3.347724994874544 5.955123109946087 8.010273929682434 -0.28214152557088595 -1.4343726683375626 -10.895587091265554 -3.8711219068784 0.0012682010352349853 -9.0403072959565 -2.149949392609597 3.2400831201493894 3.1878098203115774 24.811189400368665 0.0 0.0 0.0 0.0 0.0 0.0 0.0 0.0 0.0 0.0 0.0 0.0 0.0 
-14.265313019715604 4.039047866377907 0.7845169152215629 -8.897761277019702 8.29781015207982 3.840504196585923 15.313657734876028 18.020769919323737 12.723658629344635 5.321860462523693 4.926113647870745 4.880697050642161 -19.107538911657596 -8.065170308441166 5.780050983246651 12.868655915280439 -1.7784421860952413 4.091677339576156 6.596874349728511 -12.488303830893711 -1.5455737864320087 -8.794477213807589 5.10017105467433 5.613315815798531 9.254008274517446 7.659872791608031 3.682733865690986 -10.581689972866721 1.3352823209902123 0.29069946923604306 1.2099885387065166 -2.782298751251112 8.793824326811665 8.866903984448921 15.780136067522198 1.8324407895250057 -3.207040615424266 30.494780526166082 0.0 0.0 0.0 0.0 0.0 0.0 0.0 0.0 0.0 0.0 0.0 0.0 
30.965482153888207 -9.985398938307142 3.8591490777422797 10.685742017045495 -4.792788216088579 10.090220396673166 -10.397982460860618 2.1846095299620645 13.229527976635532 -2.2255495775467486 0.9383591889001247 14.572892831911242 -1.8888968749506854 -5.455187225969422 -4.547296530456995 14.875017489315232 3.515097785507641 6.237502436505851 1.8279540027154186 2.4152020461695862 -3.123222246943566 -3.6602895222407836 -2.6524774830022437 -17.470696497074997 0.12274538082183174 0.1150028325362519 -4.116975323142373 9.199700428797748 -2.2215568383224364 12.81852907957912 10.363321153031293 -6.540555428783951 5.171533622943785 -2.6137831908857843 -2.123855165219169 -0.8105346030245947 -8.805711034210715 5.737330701163915 31.686339727445546 0.0 0.0 0.0 0.0 0.0 0.0 0.0 0.0 0.0 0.0 0.0 
10.784071907160184 -12.335890862867155 11.552994371814053 1.5882618435302356 -3.8461060868105785 -2.2893829058547985 5.064869494707268 2.6356492664070004 -7.79187348435478 3.2905480292641873 6.184880187110439 -10.062680836072392 -2.7974034734597164 -1.9727124486122871 -1.8012173991686218 -11.114724186879076 2.814947319525796 -0.549099620371842 5.607157052608088 2.1497178673750095 7.638405871596014 -8.37868095882945 -5.385924130533899 3.1053193861791075 12.594533904096126 -2.1688480734486615 8.779349130970141 -0.133355296674351 10.151996630601195 -2.272122671148022 -4.030394900793857 -1.5451438515788043 -5.05976897481118 -0.3229142394429487 -1.9121886969400363 4.193032870231449 6.462050489804476 -1.7636479170310668 -1.533737698586994 27.5596238150688 0.0 0.0 0.0 0.0 0.0 0.0 0.0 0.0 0.0 0.0 
-21.43584562128222 14.99552339031853 -14.420757733498865 0.8439136027262353 15.057284426520466 -7.371774934071598 -1.1575573131375323 -5.672284777279676 -0.8571430978273958 4.704254799293561 5.178519715618117 21.72644126076659 -9.276829134319977 -0.29989278297301947 -5.785929891167383 -4.957706234923336 -8.082990979956739 4.383722423767547 0.11860198704048157 -8.883117691472618 9.022051196328574 -2.2458907424749857 1.5109079353720936 7.218887053532158 -1.7488784603106746 -2.17612955009319 2.622771932814148 5.585538760805589 4.084512622618736 -8.0437014048614 -2.024754113413005 -2.4073275267522685 -4.442526123710653 7.196991637678743 -1.9512757493829256 5.866750709306145 1.1252452622922409 5.633284777565708 -1.3731330991423543 0.1268323909847994 22.027733032609063 0.0 0.0 0.0 0.0 0.0 0.0 0.0 0.0 0.0 
6.149029004097165 -10.525447684222508 3.263815008889426 6.079478678948524 -13.714393763705484 -4.6667965098248825 -15.738333152002049 -8.46300245799481 -5.8646966638217455 0.11465945236821916 -6.808496470008486 11.823996149332643 0.6337260934020855 7.150605918463503 7.526986322849647 4.952896844678988 -5.355945343495669 -1.9791918641549953 -3.493124339684962 -1.349210753950734 -3.8215197890631067 2.131199590671978 -2.4297378817156514 -1.7102126800765376 5.367944723390471 -8.695657447735586 0.47831776516975666 10.535068392841927 2.3283744840247476 7.245365766161311 -3.8515527381686354 -5.454579844680372 5.270284265821682 -1.7985435593949552 5.320723396802444 6.238916330657573 -4.470761026220487 -2.5416389221398017 3.8208102417253813 6.43148654020516 1.0266562084191977 22.636655080097253 0.0 0.0 0.0 0.0 0.0 0.0 0.0 0.0 
0.2638343595205427 -10.293859184793419 11.031623561808033 -7.734746691095062 -3.6654856706459524 1.8600612362959004 7.632684843666323 5.838679171168528 1.6535427430065233 4.853684563337281 1.9169458751627342 -30.861934108237133 6.7645048017478455 -2.2286011766333376 22.251924060994995 -14.54569951726906 5.839830819507905 0.018261706036216793 2.4565291636522617 -8.766281916308246 8.204980962194265 7.441615336146855 -3.857521199294104 14.01636967771533 -2.1852738062033588 -4.811733646929636 -1.6994976366571273 -12.442531801913098 2.4072526644546945 -0.3749220187728721 2.8133898115980855 -4.261860965518855 6.444599517229616 2.6808603295219746 5.279702088365898 -6.267453806357028 -6.3151908850258245 4.1810756490498715 -2.0576607295354115 0.3756688134688462 -1.4126029332026149 -4.107650752510457 23.584162925245366 0.0 0.0 0.0 0.0 0.0 0.0 0.0 
-24.562877299504766 -7.614862585663849 -8.031616652220377 -18.072140518302472 21.08631480733285 21.073523143497585 18.441558398511496 12.366912148445001 -1.0336718976687003 8.506000445926444 -2.86158775267236 -3.698207094871671 -2.6939740945618613 -4.875756237398962 9.520931652492482 2.103529535713057 2.9054883901138466 0.2376428276596954 1.7329036958378392 -3.578632671510216 4.754512221152733 -6.842592662603906 -1.4007816964152553 17.79767016804043 -4.230402064857846 0.15049348707485613 9.324363424906522 -14.04096712578949 3.867053231545464 -5.277795626057033 -2.5144932502536044 9.60216042155921 1.6235783427636383 10.5592965080666 -4.132374632343448 -0.8491013753038553 4.857019280419006 3.018686493404038 -7.583775409525896 -1.6557476031415481 1.4404026675695238 -10.931278214634526 -1.800512202565475 27.121107432166223 0.0 0.0 0.0 0.0 0.0 0.0 
-22.869763250663127 19.95437207976101 -16.345112418698296 -3.4063912750446788 -4.740873138340039 -7.623494652365207 -5.008973672953214 14.40805566473003 -2.004581174250405 -4.139047081823497 1.7008817181724003 -6.2382116655396915 -12.457936332716933 -2.81344807250421 5.087689907905405 -2.0329440084199804 -3.5078462508682455 12.057730958711444 -0.19024926378007778 -1.2924128461893942 -2.0292620144504196 6.961407601217605 11.179301245533729 3.656344327304567 -2.7013176636997502 -14.031715770571692 -7.049310884330365 -0.4130524952230432 -3.8248711934128465 -9.150672451965553 4.172160289499917 5.87571163173099 3.653300987792659 1.0630730423862718 2.1361231008637493 10.537480733751545 0.8155946911097433 2.0495506618694517 -3.262311109309484 3.1486024988836836 1.0380396165473216 -0.3831923979339257 -1.2495497565603841 0.38685079769165925 23.42776032744206 0.0 0.0 0.0 0.0 0.0 
24.00025481273019 3.8847804391856 10.249141548896413 19.32552384812539 -19.832063739031966 -12.72516939460661 -2.0266693462850984 -5.571140959584393 3.4640159552814485 -3.2065295695383242 -8.601213445312894 3.2281814394005397 10.045708612712923 4.241740448245899 -11.810379016791927 0.6745058099562057 -1.6537669361828051 -0.17186479990794468 -3.638605617980508 1.7455399822727944 -1.7256841662686375 -4.4216044236301775 -1.7217711995059135 -3.993531577517115 11.726245744791193 -2.5158054019936595 -9.469289598237431 -1.3453334992323003 0.9438957280776319 10.634903659244387 7.920814458402508 -4.575702356219185 -2.1650479027708496 -8.037702793000175 -3.480681979260807 0.8794061058273129 -4.193297141755847 6.159804106958094 10.811058545677579 2.8335454335373758 2.4462803666743764 -0.17334596633016686 4.75398383457381 -12.049907124031336 0.5426845407681014 28.81475429459414 0.0 0.0 0.0 0.0 
9.954124195986658 -6.053659235696369 -2.076044220764095 1.7143800283526387 -6.7838972087201626 4.463272751166859 16.85789052990553 -10.696080798620375 -0.6906582858936207 0.17697515378475343 9.773490905179896 15.713044497598078 -5.233919483872099 2.8397075482007907 -3.2419593719958315 14.457445617588434 2.8095850532269657 -7.099232918909611 -8.193294820899014 1.2346821128771235 -10.372944938025292 -3.5533576855526574 -4.935091867749052 0.4547577734060845 8.276739774118607 2.97814243141565 -2.199875698095605 6.5495988691591185 4.017034975843471 0.6984785157907347 4.90010961437151 -7.25654064533835 4.680204888894338 -0.28665288208273537 7.939613328081956 1.8145706254519933 -7.8575198030992786 3.052606226945676 2.6257443819445134 -7.364157058301031 1.9713868916461492 1.4886731260504769 -0.8413919522139249 3.2586278514181033 -3.652475352274809 -5.532459197327261 20.6452763571871 0.0 0.0 0.0 
11.697812107297706 -19.4822315156439 4.191433657151469 9.29288344891495 16.203030544629566 5.260359943876062 -0.9241170759641517 -1.596991915576786 -2.5052393328111546 -1.593738879324862 3.8860974743627548 6.355346944632076 -0.11574340737331629 -10.59943301647282 7.7917020855407575 3.0867397207770626 15.077591525183871 -11.247300745301475 4.934669254248394 17.980211086706742 8.227186950510559 -15.529025035197778 -6.466224252241258 -11.02715966983853 -2.727799867577575 -5.089519430435962 5.987073649799467 -0.8408773794868438 4.132149859340114 -2.5200605850729962 0.40853680256718217 1.4185828154806899 -7.836009507758199 -9.14276416714126 0.5934713324367175 2.336525527605486 1.4188661385351262 1.0997882629744173 3.6453735960745735 4.018638052925996 6.751950254806955 -2.7694591216980387 -0.45655164121879066 5.354376109517837 -3.11232183337094 0.12857712085784306 6.220053762671636 27.466436948512435 0.0 0.0 
3.1167000970131924 -4.39978591914352 -1.0417747502108945 4.1711481245121105 7.430754562733815 -3.3911925929031197 -2.900822162075444 -10.940933505226054 4.766221797602998 0.9607206419948919 -3.49191805008351 -4.496471498896546 2.2929420213556733 -3.2251163426350278 0.9754726415662337 -0.45252908564770644 -0.41012363211474684 -4.656668912057421 5.912617270603221 -0.4492562182474845 4.809120403970784 -4.260861546403021 -1.4422644117993435 -0.5087737485085962 3.0366807699616456 1.54543373930371 1.236025320920026 10.325935796716825 -1.5148476727411002 5.850366961908478 -1.0105541168272933 -1.0687832339444134 -0.3849707170531674 -2.0376409869589156 5.144994393838544 3.4238377835858413 -0.6966689711101289 1.9033782630514897 5.7269461368228365 -3.666363320180204 -0.5725442674770403 0.2779651703787647 -0.4691032911686744 -0.289551197119931 1.7587643655607332 -3.430814506202581 -1.2972637838093084 -2.3781902399139283 21.729518333458522 0.0 
-2.943290056636208 -5.42495657676403 5.5656519089064895 3.819222498915125 -0.9425632172566153 9.133025303419679 -8.270142388137236 -10.274155002267428 5.204813792683531 8.407953130683898 -2.4475387048832307 13.654881318320898 8.520947857371103 -4.067362867484946 6.15101313984556 6.959994091293253 2.1511996930738824 -3.2697820866329708 -10.765925906705121 10.188067439522467 -1.7098903060788055 2.8176983318354325 -0.7508607662662288 5.481834287490326 -4.830324139897902 9.10302138554875 8.945440831428014 -16.09938216448391 4.545574593274529 11.235735836012237 -7.035185353561068 -2.407779608669936 3.7078913208123967 -12.34784536982276 4.59675092662823 -16.729158438868932 4.015401379003844 7.81422152570597 6.738519377922291 -5.666959075119028 -0.9291307934459403 6.933191075316926 -4.382005237500794 -1.4207472609756 -1.1568278153078548 -6.192277473653824 1.7629266757105475 3.677582594804202 -3.2257982227760182 26.871514426931682 
