0.3035854108259161 -0.05224754019160198 0.08907346375007152 -0.24134326063717776 0.38177405741313464 0.008960835248521029 -0.3315049862040707 0.257356860392669 -0.182248302026915 0.15657015886886363 -0.05826865466959971 0.2787198513504706 -0.3195580996045962 -0.09722138196747256 0.5236433030407711 0.37854538163672247 0.2853868585213245 -0.22608216348330487 0.11133400898273164 -0.6300985774035521 -0.0911643358698664 0.23971444094785832 0.19029452415740492 -0.027281338277591202 0.4396033718611362 -1.63448036187371 -0.3369256902242699 -0.010255158495240092 0.49802221002983893 -0.29079934078281827 2.94050276432075 0.43306054392849314 -0.41861318397185754 -0.48327444787811674 -0.06620174121142797 -0.15698439608172485 0.0383638004831531 0.14284606387084933 -0.1171194346389175 -0.3554903111764462 -0.20176955842896596 7.15246584203571E-4 0.07191291760661553 0.2705450589797503 0.11743122959987538 0.04934331152729389 -0.19621370290339804 0.30574480738676324 -0.013965809472611553 0.28176605987159226 
110.72850166251679 0.0 0.0 0.0 0.0 0.0 0.0 0.0 0.0 0.0 0.0 0.0 0.0 0.0 0.0 0.0 0.0 0.0 0.0 0.0 0.0 0.0 0.0 0.0 0.0 0.0 0.0 0.0 0.0 0.0 0.0 0.0 0.0 0.0 0.0 0.0 0.0 0.0 0.0 0.0 0.0 0.0 0.0 0.0 0.0 0.0 0.0 0.0 0.0 0.0 
-10.620678193588649 110.69129977192601 0.0 0.0 0.0 0.0 0.0 0.0 0.0 0.0 0.0 0.0 0.0 0.0 0.0 0.0 0.0 0.0 0.0 0.0 0.0 0.0 0.0 0.0 0.0 0.0 0.0 0.0 0.0 0.0 0.0 0.0 0.0 0.0 0.0 0.0 0.0 0.0 0.0 0.0 0.0 0.0 0.0 0.0 0.0 0.0 0.0 0.0 0.0 0.0 
4.524115295115336 -35.20175434280468 109.50067820378626 0.0 0.0 0.0 0.0 0.0 0.0 0.0 0.0 0.0 0.0 0.0 0.0 0.0 0.0 0.0 0.0 0.0 0.0 0.0 0.0 0.0 0.0 0.0 0.0 0.0 0.0 0.0 0.0 0.0 0.0 0.0 0.0 0.0 0.0 0.0 0.0 0.0 0.0 0.0 0.0 0.0 0.0 0.0 0.0 0.0 0.0 0.0 
-1.358353854989659 36.21705522152716 2.668684246719783 97.86266217205733 0.0 0.0 0.0 0.0 0.0 0.0 0.0 0.0 0.0 0.0 0.0 0.0 0.0 0.0 0.0 0.0 0.0 0.0 0.0 0.0 0.0 0.0 0.0 0.0 0.0 0.0 0.0 0.0 0.0 0.0 0.0 0.0 0.0 0.0 0.0 0.0 0.0 0.0 0.0 0.0 0.0 0.0 0.0 0.0 0.0 0.0 
-20.93552268864188 32.61102767989273 -2.015561315978944 -23.722680228588285 116.0930590708153 0.0 0.0 0.0 0.0 0.0 0.0 0.0 0.0 0.0 0.0 0.0 0.0 0.0 0.0 0.0 0.0 0.0 0.0 0.0 0.0 0.0 0.0 0.0 0.0 0.0 0.0 0.0 0.0 0.0 0.0 0.0 0.0 0.0 0.0 0.0 0.0 0.0 0.0 0.0 0.0 0.0 0.0 0.0 0.0 0.0 
31.054579040709417 5.946816052083678 -35.43745919322107 37.157725535503914 -30.786223936520265 108.84539686042083 0.0 0.0 0.0 0.0 0.0 0.0 0.0 0.0 0.0 0.0 0.0 0.0 0.0 0.0 0.0 0.0 0.0 0.0 0.0 0.0 0.0 0.0 0.0 0.0 0.0 0.0 0.0 0.0 0.0 0.0 0.0 0.0 0.0 0.0 0.0 0.0 0.0 0.0 0.0 0.0 0.0 0.0 0.0 0.0 
16.868638913153102 12.154216368590689 -29.3044323604723 11.190751602958352 -3.5977240009233427 26.217329463529662 104.19866710887402 0.0 0.0 0.0 0.0 0.0 0.0 0.0 0.0 0.0 0.0 0.0 0.0 0.0 0.0 0.0 0.0 0.0 0.0 0.0 0.0 0.0 0.0 0.0 0.0 0.0 0.0 0.0 0.0 0.0 0.0 0.0 0.0 0.0 0.0 0.0 0.0 0.0 0.0 0.0 0.0 0.0 0.0 0.0 
-8.046034687241386 -35.52620448279196 19.806308864761753 9.013672908963795 17.820665208099822 -44.464142789510525 -0.05351068977179036 127.93304567984396 0.0 0.0 0.0 0.0 0.0 0.0 0.0 0.0 0.0 0.0 0.0 0.0 0.0 0.0 0.0 0.0 0.0 0.0 0.0 0.0 0.0 0.0 0.0 0.0 0.0 0.0 0.0 0.0 0.0 0.0 0.0 0.0 0.0 0.0 0.0 0.0 0.0 0.0 0.0 0.0 0.0 0.0 
36.647680218814834 17.694979901459778 18.64590762204477 6.02176988203772 -21.010188944361154 3.874437221805442 27.84607838586935 -8.661318998501484 98.47612067759654 0.0 0.0 0.0 0.0 0.0 0.0 0.0 0.0 0.0 0.0 0.0 0.0 0.0 0.0 0.0 0.0 0.0 0.0 0.0 0.0 0.0 0.0 0.0 0.0 0.0 0.0 0.0 0.0 0.0 0.0 0.0 0.0 0.0 0.0 0.0 0.0 0.0 0.0 0.0 0.0 0.0 
-27.55680828858422 8.384602465313055 -10.347249018798918 -15.275895481140967 2.600589805251676 19.177052980745803 11.242654445010038 -5.167498833095579 4.747458236865339 90.0281354930838 0.0 0.0 0.0 0.0 0.0 0.0 0.0 0.0 0.0 0.0 0.0 0.0 0.0 0.0 0.0 0.0 0.0 0.0 0.0 0.0 0.0 0.0 0.0 0.0 0.0 0.0 0.0 0.0 0.0 0.0 0.0 0.0 0.0 0.0 0.0 0.0 0.0 0.0 0.0 0.0 
27.148857264137597 -11.75908833999684 0.45835387060390725 10.263155855770115 -3.601157855619189 21.031293945783943 9.78385599714404 -3.7975648385057563 4.162702859886628 -27.713463918545546 87.53117129464891 0.0 0.0 0.0 0.0 0.0 0.0 0.0 0.0 0.0 0.0 0.0 0.0 0.0 0.0 0.0 0.0 0.0 0.0 0.0 0.0 0.0 0.0 0.0 0.0 0.0 0.0 0.0 0.0 0.0 0.0 0.0 0.0 0.0 0.0 0.0 0.0 0.0 0.0 0.0 
8.55398156940929 10.557053318181874 -6.08184415267457 -45.1091938892205 21.41602925414591 0.11133806864499292 5.5060896222502835 -24.271578076256066 -4.480430347249002 -10.176260824782267 10.631587275155375 89.44067417885019 0.0 0.0 0.0 0.0 0.0 0.0 0.0 0.0 0.0 0.0 0.0 0.0 0.0 0.0 0.0 0.0 0.0 0.0 0.0 0.0 0.0 0.0 0.0 0.0 0.0 0.0 0.0 0.0 0.0 0.0 0.0 0.0 0.0 0.0 0.0 0.0 0.0 0.0 
39.467060707023265 18.338158520668422 3.181784643705444 -18.05777611878997 -18.55065904974437 12.536089932589336 24.822019430433475 -25.883801113957027 -5.396300684843168 -2.7460168037143786 22.03852870117656 -5.46108059780811 105.30351734232566 0.0 0.0 0.0 0.0 0.0 0.0 0.0 0.0 0.0 0.0 0.0 0.0 0.0 0.0 0.0 0.0 0.0 0.0 0.0 0.0 0.0 0.0 0.0 0.0 0.0 0.0 0.0 0.0 0.0 0.0 0.0 0.0 0.0 0.0 0.0 0.0 0.0 
4.116688996647709 -9.494691293640601 0.8908210893442664 -22.059267162027414 7.943007797708365 -10.819490670513542 -3.428221677837243 -16.71743509317579 4.0471481138149885 12.064677818533267 -25.251423560001214 4.717805035477552 -0.5120989304583846 72.90925206303194 0.0 0.0 0.0 0.0 0.0 0.0 0.0 0.0 0.0 0.0 0.0 0.0 0.0 0.0 0.0 0.0 0.0 0.0 0.0 0.0 0.0 0.0 0.0 0.0 0.0 0.0 0.0 0.0 0.0 0.0 0.0 0.0 0.0 0.0 0.0 0.0 
-11.83594199657748 9.169158582722924 1.6610321969425508 -8.355907158579285 38.57262330978478 -28.11455805028863 -20.122897126786395 25.839491887758324 -24.39080218983324 -5.66912297474505 -28.88915346536836 37.737590723880984 -27.4754258719457 -17.178825418568263 108.51263171081072 0.0 0.0 0.0 0.0 0.0 0.0 0.0 0.0 0.0 0.0 0.0 0.0 0.0 0.0 0.0 0.0 0.0 0.0 0.0 0.0 0.0 0.0 0.0 0.0 0.0 0.0 0.0 0.0 0.0 0.0 0.0 0.0 0.0 0.0 0.0 
28.453455652378587 -14.286680938927562 26.963720610105494 -18.637180244743984 21.062967243378843 -29.199594919841417 33.7616701763289 -8.253505223091018 -27.60090353527176 -7.988598501477486 25.488994301033934 27.150358564810624 -8.996691762617049 13.158614782135835 33.30140760960689 70.54548440829832 0.0 0.0 0.0 0.0 0.0 0.0 0.0 0.0 0.0 0.0 0.0 0.0 0.0 0.0 0.0 0.0 0.0 0.0 0.0 0.0 0.0 0.0 0.0 0.0 0.0 0.0 0.0 0.0 0.0 0.0 0.0 0.0 0.0 0.0 
-17.657950103179516 -3.195457939468276 17.929260626147727 -25.416710100066403 33.61526399074548 -20.31839030966729 28.786605810485018 5.761622021178775 9.079973201610725 52.71465600568832 -9.5413863887579 24.677972674073928 -33.37656491984484 23.56091726084505 -18.504613571726157 26.584935479695645 85.49176761038142 0.0 0.0 0.0 0.0 0.0 0.0 0.0 0.0 0.0 0.0 0.0 0.0 0.0 0.0 0.0 0.0 0.0 0.0 0.0 0.0 0.0 0.0 0.0 0.0 0.0 0.0 0.0 0.0 0.0 0.0 0.0 0.0 0.0 
-13.243706892918368 10.320830461082199 -18.086114894646574 -46.33343846038286 27.51802070410995 13.45380143688522 -6.4796938713361545 -38.3494173183053 2.7081943933563455 17.633455040226305 8.619198149259717 24.388424578419087 -8.011597561446024 8.281830203641794 20.035828983452692 -18.09667340790654 12.900360864275704 92.17095741617854 0.0 0.0 0.0 0.0 0.0 0.0 0.0 0.0 0.0 0.0 0.0 0.0 0.0 0.0 0.0 0.0 0.0 0.0 0.0 0.0 0.0 0.0 0.0 0.0 0.0 0.0 0.0 0.0 0.0 0.0 0.0 0.0 
31.337690299080666 -3.367237634348282 -2.8122633478640497 -49.03131284668671 9.538960416823757 -19.039608973090647 47.69110989331866 -31.54759169340172 21.12399113130118 -19.443544511260242 -12.1190957017349 36.67886423718455 15.520140337298526 -3.2165391675749757 -13.814450899627428 39.09117522534318 3.3026352088016377 4.388294680507661 96.23964092039316 0.0 0.0 0.0 0.0 0.0 0.0 0.0 0.0 0.0 0.0 0.0 0.0 0.0 0.0 0.0 0.0 0.0 0.0 0.0 0.0 0.0 0.0 0.0 0.0 0.0 0.0 0.0 0.0 0.0 0.0 0.0 
6.298319523090164 6.8991726336153265 -11.973834829366531 27.045919204273154 -8.980362430601451 6.757084064809676 -21.408017115139618 31.39545341184458 13.43355852985707 -17.49270625746042 6.995006551196513 -24.286386107442294 -17.48280083899034 -17.787450935463035 -9.25758556507687 -22.960502944500206 -6.658369232401513 -6.066538279851265 9.946335212073338 79.9865307182968 0.0 0.0 0.0 0.0 0.0 0.0 0.0 0.0 0.0 0.0 0.0 0.0 0.0 0.0 0.0 0.0 0.0 0.0 0.0 0.0 0.0 0.0 0.0 0.0 0.0 0.0 0.0 0.0 0.0 0.0 
45.895188684476246 -13.24793470991055 9.499900434413311 13.949023508314738 -44.961686865624486 -11.58822615587859 -11.9750326871218 -19.11268838897563 28.094868897819566 -25.9578643141496 -11.162376095625376 2.9386406994289573 31.1039434518974 4.462805475561227 -13.374502304660343 11.789815702510305 -27.19290687297878 -16.01122898207624 3.951313788042059 17.497976669635424 90.51701859543967 0.0 0.0 0.0 0.0 0.0 0.0 0.0 0.0 0.0 0.0 0.0 0.0 0.0 0.0 0.0 0.0 0.0 0.0 0.0 0.0 0.0 0.0 0.0 0.0 0.0 0.0 0.0 0.0 0.0 
-31.853260633894553 -0.45598829148535974 -17.17995203409095 -44.333812102147775 50.295564099235506 -26.3856826114598 -29.61600008315706 20.193690442404424 6.170895893070873 2.9740807916566414 -28.656477608880174 10.228008704663122 -21.264490426133417 -11.160965412169714 -1.3287372945590006 -12.050435063082062 -14.534523294244408 28.244626752078446 37.925335966532806 -3.5872395867400493 -3.9690958635807423 64.3644922516774 0.0 0.0 0.0 0.0 0.0 0.0 0.0 0.0 0.0 0.0 0.0 0.0 0.0 0.0 0.0 0.0 0.0 0.0 0.0 0.0 0.0 0.0 0.0 0.0 0.0 0.0 0.0 0.0 
-9.597887354427224 -19.527679036811122 -2.9808014733936683 -29.551038700833203 19.848392014947052 1.6694633305361888 -16.22782050234319 -17.7501721571807 -35.94328447732132 -16.179651747992924 -1.4657111788492652 23.546153771394025 -8.220831492893842 -1.1827156835296622 35.32855759649997 -25.816203576309842 2.138814963848146 3.979417960979577 -8.729168876763055 -18.480568632175714 -10.302760243140773 9.771673983720918 66.8081601835246 0.0 0.0 0.0 0.0 0.0 0.0 0.0 0.0 0.0 0.0 0.0 0.0 0.0 0.0 0.0 0.0 0.0 0.0 0.0 0.0 0.0 0.0 0.0 0.0 0.0 0.0 0.0 
-5.172189213254171 -3.8710367718657457 0.8064131410888357 -48.73303123188796 23.13922613108943 -10.054842579124765 13.407713604993743 -5.165254250374474 -25.292691918577248 8.693314038131252 -13.5441650505839 35.94686189200273 9.260265923355021 36.30069612782836 36.418185185765836 3.952345433107749 22.687103707989348 40.25639505911603 0.2338068438600289 5.648065742883077 -8.551554275254645 -2.237317296155748 10.750713343769966 78.09082589216588 0.0 0.0 0.0 0.0 0.0 0.0 0.0 0.0 0.0 0.0 0.0 0.0 0.0 0.0 0.0 0.0 0.0 0.0 0.0 0.0 0.0 0.0 0.0 0.0 0.0 0.0 
-34.18848318991561 13.616646606415841 -25.508096038999334 -46.1936248625494 54.950721150058115 -17.001460630186397 13.624815963125005 8.148208799095169 -12.521612346467291 26.660599407096644 -21.427679457702425 13.958021727734103 -34.75225242862537 -1.6666878914569634 15.246554476103801 -8.965491002223688 -6.6432871039904535 27.087099880948944 -0.7446533670787839 -4.815603524062702 -31.403509993643613 7.306107416391807 -2.2499438497852493 8.44414611324787 75.37039576034834 0.0 0.0 0.0 0.0 0.0 0.0 0.0 0.0 0.0 0.0 0.0 0.0 0.0 0.0 0.0 0.0 0.0 0.0 0.0 0.0 0.0 0.0 0.0 0.0 0.0 
6.3240834097930785 18.897212435223093 -19.23407651139013 15.761481265543955 -20.18912578508896 0.8171241295019478 14.035362148617432 -18.94719190450613 10.616618846142588 2.4880729176938035 33.04074534169372 -38.65644024539674 18.820321288199224 2.9558924058843337 -11.8403024544441 -17.185505679650813 -4.10773456362627 4.326180374666479 1.4137990565370373 -5.454283037927251 13.120442706782127 -18.386071525317348 4.4554866067931185 0.10846084900100322 28.39304539601131 90.01698377968641 0.0 0.0 0.0 0.0 0.0 0.0 0.0 0.0 0.0 0.0 0.0 0.0 0.0 0.0 0.0 0.0 0.0 0.0 0.0 0.0 0.0 0.0 0.0 0.0 
20.76552608994606 -43.14838859121542 38.45830163942335 50.036498315336516 -52.95739619090796 -14.36130976254744 -11.907045793781235 32.19279567293155 29.29249513152331 -50.57848150355443 15.196312523416289 -29.7873728434697 25.568806118760957 15.48877136222483 -36.64883540946433 10.26899484772622 -10.32703579376471 -25.548004993401076 22.822316583709082 19.70502038476955 45.531348515810805 5.593529039962987 -5.412602231088051 -13.727269863258577 -15.591467761068396 5.424020877095421 87.34217093207594 0.0 0.0 0.0 0.0 0.0 0.0 0.0 0.0 0.0 0.0 0.0 0.0 0.0 0.0 0.0 0.0 0.0 0.0 0.0 0.0 0.0 0.0 0.0 
-27.03066847705308 -1.5824345215570819 -54.54381137448367 -22.28715060078817 33.62564604267227 0.5545719072376133 -3.8948385569296176 -14.901173597363037 -22.87549731158216 8.992763448286889 -22.83836168685578 -25.001299732997325 -19.434103386070987 2.7262888635302573 43.541612947667055 6.04023083629828 -36.740078730423534 25.865279270036673 -13.148522379402388 -22.126459118610427 -32.79036144276402 4.013639992080523 8.730458531634266 -10.083253405234965 7.74414052528988 -0.4223011960092163 24.9267106896459 64.86412031020804 0.0 0.0 0.0 0.0 0.0 0.0 0.0 0.0 0.0 0.0 0.0 0.0 0.0 0.0 0.0 0.0 0.0 0.0 0.0 0.0 0.0 0.0 
-28.57822492116568 -0.882848788055176 0.46561861931030096 -58.48160135380362 26.640311016128692 15.245320096970673 38.956227557272015 -1.8461103954528448 7.3472906757374385 64.59091154427784 -31.877818923243286 42.63882229669965 -42.603842885012476 13.068844464497516 36.2806475659101 2.79919725440496 2.744008198371829 33.84259258546356 -51.755346041367666 -23.61332824768705 -15.618644837372347 -2.547513798566507 -2.9629216825400944 14.929755771599657 -2.578411476466141 27.545216833479124 -6.822562241752218 7.976336536943876 87.24130477213942 0.0 0.0 0.0 0.0 0.0 0.0 0.0 0.0 0.0 0.0 0.0 0.0 0.0 0.0 0.0 0.0 0.0 0.0 0.0 0.0 0.0 
46.71353602476553 21.352849079385468 -43.63621334316641 52.76513948046899 -59.238385523343446 19.553260785071572 24.97977082178786 15.344453252600607 17.695823842656566 -19.707415331358597 34.88398390418024 -86.68096961316954 -9.983701793307404 -7.9624032845379356 -11.599162030931867 10.523227036235582 -22.419185534779647 -20.207481686869656 12.218362384123312 18.146160608309827 -13.807579023130723 -5.81233591583235 -17.613005360968728 -21.87760993461038 14.308175503433887 10.524605510744525 4.398610862735932 11.189885772751584 -15.11732453808919 80.92111610878698 0.0 0.0 0.0 0.0 0.0 0.0 0.0 0.0 0.0 0.0 0.0 0.0 0.0 0.0 0.0 0.0 0.0 0.0 0.0 0.0 
21.48068624188363 37.197145265384 28.799164201978794 -14.651206920876428 -29.772882784968235 9.199939471459928 2.4672295088791554 -58.72851950866109 12.816622457116686 14.388699233283358 13.233705789976955 17.470766796451077 -28.255966160015923 29.642265119247597 1.9810751129163884 10.949986124734982 36.77739641960197 -13.896063258384856 -50.79447082595932 -85.34861951544023 -7.777169873720749 10.81825051837364 18.134079826019796 -24.993053137502358 -41.956189487119666 -35.57549427371344 18.553266475907446 -18.496849614771243 57.19605887080285 17.511809738737963 98.88195529041627 0.0 0.0 0.0 0.0 0.0 0.0 0.0 0.0 0.0 0.0 0.0 0.0 0.0 0.0 0.0 0.0 0.0 0.0 0.0 
-50.14957964003749 12.055766296260531 67.93133948002611 -34.31450585367316 -1.227260111716188 -59.97868520915159 16.285391268240122 39.38101024929507 22.565023093820194 29.3719129904554 -11.691829246588433 5.27665346556551 -33.10667466052979 6.676812455487458 -18.831681885140206 24.247235438129856 25.293704130385375 5.450982109747804 4.882157987798359 -40.2573919369283 10.815434777632579 -0.8618544422768476 -3.802168902208872 -4.90371943663037 -9.82164651974708 16.924124693446444 8.60666876233612 -39.134229006093555 22.666779028794863 -10.410897745081467 12.920677366215303 76.78934748103634 0.0 0.0 0.0 0.0 0.0 0.0 0.0 0.0 0.0 0.0 0.0 0.0 0.0 0.0 0.0 0.0 0.0 0.0 
-25.40177043004797 -2.692383693105443 -55.73060120165281 7.179359444459381 5.563421039399621 38.11300033416481 -25.78251579081541 -8.394260241634052 -1.424129594286 18.29648727906427 20.83429782660561 -54.0682889256373 -20.563405974626146 -29.063495922919376 19.780670589463423 -26.229960563097904 -28.781232402549996 29.61872972198304 -8.715753927361687 -28.661100803243034 -48.797039857224505 -10.933020688863412 5.726778648642494 6.833701886566906 34.086380886526015 43.592710464648704 4.431399913702334 29.186427161747698 -11.787477773727627 48.98139941639668 6.538627818179438 15.853549818024113 71.4182974969422 0.0 0.0 0.0 0.0 0.0 0.0 0.0 0.0 0.0 0.0 0.0 0.0 0.0 0.0 0.0 0.0 0.0 
-63.39338080913726 5.479888533355097 46.693470007708704 0.15873407377002388 14.349597233985005 -32.61280290132841 -20.2460243939766 14.513962227898949 -6.225991061015903 8.928186445043915 -13.288396626400917 7.066401080818867 11.675062107683454 13.974909695161289 11.450417299739872 -0.8304908974892861 1.85001041531681 11.135655487028775 -19.652300083736687 6.624945978152502 14.623321353418543 -4.936414233860589 -13.129695398817052 -21.11177434710138 -24.3515541944826 9.452347328061222 27.567572460060234 12.245797242029502 4.916778466853388 -25.507548624134657 18.777859439140983 5.4775002894960085 -15.046184256530331 63.75797808899616 0.0 0.0 0.0 0.0 0.0 0.0 0.0 0.0 0.0 0.0 0.0 0.0 0.0 0.0 0.0 0.0 
29.15482398704757 12.39611665165338 9.29507539653887 21.299314734579482 -3.6187491668887373 16.527260084874637 -27.94955141766417 -0.5193621910259458 -3.6572184370522782 9.123854362890718 21.35557382706596 3.9338434141858745 24.642819536348238 9.072212086224912 5.189011669736942 -0.6359351566504101 9.080208489200615 0.36983899704112055 -18.339295167346176 -19.87944287379041 4.4903441961863235 -6.691233190344287 12.087068579631644 -3.8845295003182345 -14.989640157243665 17.221348150895277 1.3033325132664217 -11.924673218071126 -3.686728632066738 -5.101353150711562 3.8317836613114253 -21.126972803444733 -0.12194174766445635 8.970084122951857 51.19538292705991 0.0 0.0 0.0 0.0 0.0 0.0 0.0 0.0 0.0 0.0 0.0 0.0 0.0 0.0 0.0 
21.978463558480467 -0.41758891306349893 1.5054223955871904 -26.169073607652866 -33.394965102545704 29.548533460290688 -8.907243344807421 -5.879538126603478 38.925055454427614 8.491277640195753 -3.8564208030137377 30.474575651488905 3.9557004113207266 19.315930429877042 -12.389007827185923 -37.55442492560247 8.701115888853659 28.428727860972675 -27.58687234950183 -19.45842058343143 1.7841565707207128 5.109114287698851 1.031990988090627 -2.340884363142989 -9.004076075181809 27.155859770378807 0.761157796603846 1.6480897338689988 34.4282240095144 -8.703910371003909 3.9709019690600265 -0.9617426367969812 6.868808757133379 -2.1520801880671376 11.522933034416603 55.242777822513425 0.0 0.0 0.0 0.0 0.0 0.0 0.0 0.0 0.0 0.0 0.0 0.0 0.0 0.0 
-2.9531792781099795 -4.242063402293911 -3.9681746586842377 15.772418826781562 0.12098717612872928 -2.393650535872107 7.912304344604846 10.650312371595321 -13.450490245158491 -35.66506757467488 15.657644182578762 13.270988400255726 26.806388937163536 -6.902982004194691 39.48555599574088 -20.759379095786542 0.041477667344557115 -10.982137911606445 -19.31124025529505 -9.499276516138512 2.6398641127136386 6.222279381438779 7.405769643856791 -19.861456986581562 -13.53969547306289 -1.1542857329333382 8.672890678162084 10.694959618521167 -2.6100914203330396 -43.91695406072063 13.512975083666234 -28.573733014908466 -35.53894789205069 -5.645634272707204 8.721435544502386 -7.47811221448001 54.285925239437134 0.0 0.0 0.0 0.0 0.0 0.0 0.0 0.0 0.0 0.0 0.0 0.0 0.0 
-27.17327282218702 -12.686535425222216 -17.114204791601672 3.085103082674721 22.1432344162586 8.45703435775676 -36.865460478530764 -6.7940735001527175 8.955665382007783 35.91181987365405 20.494115954164815 -7.79371258733444 -18.829928411444786 22.40079781112689 -11.274024002037537 -3.070586843322419 27.090722915288424 14.396234326871324 -14.017842647708736 -32.74997047261748 -8.26812799530612 -28.514373241723472 22.37024079552056 -23.99248886894585 20.58975024707726 20.1701331408079 20.229501927199394 -13.075125546008994 -10.30216577980222 -8.724668849256696 5.474832804911169 -12.676589901982103 5.9513430222250525 2.201867082665994 35.53997782102061 21.005160426279808 2.8479803027980677 60.3369073315157 0.0 0.0 0.0 0.0 0.0 0.0 0.0 0.0 0.0 0.0 0.0 0.0 
-29.685512774687176 2.8406467277293594 57.13431979845316 -15.374892216963497 24.68371700476547 -14.775548552570761 -9.797925346442646 7.038969920558551 9.099256812179963 -5.471939630525813 -12.481781731316643 43.477524284488936 -25.273787080753067 -13.288705117351583 36.97692182581841 -5.503931937310199 5.64063904900066 18.736615039448765 -21.037185917927935 -19.729919029223094 -15.940483298707719 12.623985318847847 -12.718922267007008 -1.2650494130233112 0.9668785128816371 12.055336343187818 -2.067121035635283 -16.259838849731853 5.3447818773913776 -8.939450979674499 12.29697469616605 4.467641180913821 10.248466676405227 15.133677704205265 -6.378905333917054 0.6792423896806478 -26.30706543627861 1.560684464247659 65.59908638551161 0.0 0.0 0.0 0.0 0.0 0.0 0.0 0.0 0.0 0.0 0.0 
40.78211971246842 0.7730784137506237 -29.68630994933778 0.8899576370055851 -20.984698569162543 16.59870449268376 -1.5237391423327808 -47.78839730805408 -16.09995726971852 -49.66317116938488 1.3765129428187892 5.981606292759867 -2.2535951009374764 -21.461643608070275 10.145117992235932 -20.61709877905788 -3.0005089505858265 -6.344583996894654 11.795357225087807 -1.3918097632411786 9.099460389366271 19.802097996801724 6.764535521062345 12.02405656711326 8.943161458010737 -7.282711126040047 -1.7227465785691969 6.433398235939751 20.13155332016728 -9.603458757665631 -28.05514108854557 -14.256907131317769 8.390069547628464 1.1289397778991541 -1.9279999834368877 -3.475854485863145 7.2020424777530945 -23.05304656624043 11.23264845221445 52.567157935222355 0.0 0.0 0.0 0.0 0.0 0.0 0.0 0.0 0.0 0.0 
-15.37467847241075 18.930265893321398 7.992730315105749 5.420421654262879 4.833108070917613 25.54243024448834 3.06893153475305 -12.367156204676174 -1.6724366068043035 -10.28167207313977 9.738042498583553 20.222083630026436 54.04744734792635 -4.339869508046269 -32.9175026104389 -26.86711135875572 -18.508536721800386 4.752796766126723 -9.224791796325237 -1.0226710775182168 11.32119998815037 16.83199887466695 0.3513956219162971 15.060296873241514 -6.515740682556814 -7.551443233717867 13.798094185043723 23.099229320826023 -6.9563450298975615 -22.497434612599136 -7.109090367606353 -22.10958292322553 -18.622342096781324 2.5665469960445306 -3.0078005451166603 21.329357861832623 14.957336435592723 15.203276148961365 -3.4109920504220574 -7.417056389799938 37.513607714232855 0.0 0.0 0.0 0.0 0.0 0.0 0.0 0.0 0.0 
2.253607289593691 6.956673804453386 3.512978982909371 3.627050516949053 -8.820011587018831 1.5276325892102927 -24.49824832239572 -13.764171922197876 -17.327762229238576 -4.911246825944178 -24.829819860915265 6.203263725773563 22.688865338363264 -1.82729949705173 17.75558814735162 -2.0340920793423156 -13.647847894510635 -6.068538104370264 5.570072866190778 -9.394304820086546 -12.18815052625103 24.309542027037413 -16.966587996063804 -2.9586452405915553 2.698391899945013 -25.59617417169135 20.343341536604456 22.051486232780068 -19.900927003539593 13.190447921319443 -11.111479374045574 0.6134653643493793 14.533687114286126 14.716703580208206 2.999681652314799 19.53569318849541 -10.35097601737705 -12.253200013676834 13.515716089773875 18.058051346377656 2.5920436674295555 41.08954395686095 0.0 0.0 0.0 0.0 0.0 0.0 0.0 0.0 
30.379924076486507 -22.434596010833936 17.35995372205662 0.27297926151508484 -2.072324992938036 0.5142780659637628 21.161506571414613 -16.766281580351734 5.148485276357689 -7.32335080538022 3.4716080123485193 16.974899841234123 7.106876604641839 -0.6577213622064707 8.22938569080401 5.993848876271976 26.75087664548604 -8.043260894996239 12.49817099669049 -5.807194898350592 -3.5421582475465567 13.62954841788895 3.7872124704549988 7.645189933125328 -18.73975665742263 11.666062772897297 -4.344003781242609 -13.767911614377734 15.373438368084374 2.434229511357238 -1.964715887021427 -0.1486443990381798 26.06582337367055 8.210759870015137 16.225399476503984 -5.670746025040761 -3.8225053342525235 9.132668075829963 -3.0389176521254733 0.42704738580620133 -1.0783099482917367 -12.812668168238648 39.87927465195775 0.0 0.0 0.0 0.0 0.0 0.0 0.0 
-2.859867754244397 -11.073614430827098 -16.211274552171105 -37.7547710647734 16.121330975680625 33.66107684651412 21.427582837704506 -13.896747832252432 -18.94000887212839 18.4721916103448 -17.53102449266403 36.222738232153446 9.410311342447606 4.165838931138645 45.47074007123753 10.576668335696834 14.60378228295989 20.216572543118048 -9.585703137443796 -42.73453893236003 -31.979029992278164 -4.455222296386585 12.243686619833156 32.65047569847058 -17.891609401790014 4.155016298284947 -8.655465381661044 -20.057097965064884 23.392277697196956 4.982995549309979 -10.560532583453824 -9.388915921682496 10.29817542658919 -16.288546197324475 9.481945800130374 -6.447788250071381 8.04236793472279 14.824017928771127 2.8454455266848186 11.460101187661145 8.52441340932056 -29.320159807696395 -6.103600475605912 51.295660612658494 0.0 0.0 0.0 0.0 0.0 0.0 
15.182043138271712 -6.752659904946711 2.6149668624237847 -5.505993525132709 -10.136908708762194 -18.28872697875768 -7.388725828779384 -17.346565411639705 -14.82560212795121 10.38052637750119 -21.467977273606277 -1.8527038282624941 -0.6383315610298331 2.4139519296203207 -16.96149477667899 -5.4893254107011 -4.0294891768774805 10.768643269056012 11.306630089046452 -1.9199598130753412 -14.043846941909848 27.573853404535846 11.716223660758425 10.880336861168106 12.061391333539769 -21.323375966279205 1.5980848419038005 2.5652669202391345 -6.1679887832716425 21.695392151829218 -30.777089432481375 17.265493395674962 24.039579160028147 12.687575483395337 -13.582439146221843 14.555858637853316 -2.5344378649937775 -28.036081801772088 9.88904468419925 1.766701083691495 -1.7363241232200455 -1.9594198875342685 6.21032023616058 -21.42863380194809 56.113242960093935 0.0 0.0 0.0 0.0 0.0 
-23.359311278422272 19.602947455841957 9.400256497874024 14.833098782503834 4.380399196812812 -15.571539325922917 14.904827044432825 0.8731417279265951 -3.370214428304635 14.852094872723532 -10.925083646823857 -3.578658618059261 -10.19681323076639 11.226738602107478 -14.71991100260734 11.641322858007632 2.4223377804574384 -2.869347102939412 -13.128102010640012 1.3258609155029661 -17.757579407012344 -14.672585529508167 -9.688942069760373 -8.075360992187166 10.032193544136023 5.271841600971665 -5.99573710982563 -19.3271799801891 -3.2673390996975757 -4.225591608177708 6.144884599360614 17.469857324657934 -1.1528187328737052 -1.5800933839484634 -10.692992186847354 11.138067027575575 -2.6242751043942962 4.075055034271087 9.61572845190352 -9.917082548720632 3.12035582253812 -7.558898742111742 15.356585069287297 -14.041301039107992 -4.349421864312778 51.780432995259034 0.0 0.0 0.0 0.0 
4.2478680001639475 25.749726417477454 9.249665559967099 -13.836877862722591 -9.942280565259617 -0.6410937180563463 24.46862511038301 -20.477008332601457 12.88979218394625 27.94246025417083 -20.46593846566087 15.675684867672835 -14.908732289767256 38.718319330367564 11.270675499176479 5.142173122173002 -20.339280412046215 7.3657570977176 -46.06186731016957 -9.350332183727508 5.72466992272625 -20.797300450108196 -9.225099917992273 31.35323049598653 32.277812873461485 22.946564790524146 6.572365118126997 -14.430903672356544 5.433822743467383 -9.930286720529525 4.060791785936625 -9.35051682234135 1.1646653775259044 1.8601985614455747 13.450943400262105 8.729603977052395 -33.20116116583716 5.3058988974487615 16.313914751110676 -9.148987562112394 6.978132953262507 5.874448279409018 -7.889191540442579 2.803601524826707 0.47966836241689215 -7.082281875096606 34.521078535801216 0.0 0.0 0.0 
46.31657257111924 20.31726572047679 -20.29055227709868 54.273226273365935 -14.258969064152572 -7.353078289720685 33.930569006110254 -14.593793984333207 16.143083675744972 -12.159196715686729 -20.25955924435982 -20.180800908603086 9.426883722527462 -32.46323060361806 -1.3721615127960907 21.679043227038147 -8.882501014348275 -35.23198711489239 54.04365694373716 -7.596152879001495 -1.9213753922157109 5.357021452525865 2.8801118064943365 -29.07024866355074 2.4433211932899668 -12.892959472483202 2.1044233883566097 8.62085156712875 -16.327792726120812 15.686878625104914 -11.882088849275046 4.69849695694441 -7.5314804017657115 -19.762425366017943 19.120492696225348 -16.41189355056266 15.13793796228673 -17.17452674088486 0.9078679315080355 7.094358871507215 32.54918745477753 -12.295002383668443 0.606463194642548 10.24270790003394 11.300812361239165 -2.229681842151645 13.919395389892948 50.66131124559641 0.0 0.0 
-9.033197496791182 5.351756261251184 -5.298126058307044 25.87559624149737 4.2867054564630775 9.628054469779125 20.69374193598442 3.255110095074666 3.2183086079240093 2.7789704853614823 -10.701723721317698 -2.1092781500029036 -9.637675390747441 -0.24782600137207125 4.513713624516875 -10.055868697421277 2.5274799280079803 -13.306919670973045 -20.792436547420984 -1.5653071224787394 -13.693689135638921 6.901793432341077 2.6914868628647133 16.315313579237174 7.606358815032352 4.34111549630668 1.637281583174422 16.707902261464152 6.621570473842555 0.604027933611752 6.130162147303021 4.311447290580628 -14.635840029954547 5.692498058245812 19.443680727504937 3.2312226130759423 12.583911346024312 1.0384085684141608 15.604044240265939 -6.897616711054334 -4.74847278158598 -5.000687861917492 10.135414860152391 -1.2612819362859782 9.066787990259824 -16.381767267187193 -11.911366223980025 0.8922996732225248 36.96308431454434 0.0 
-33.48562900472689 19.157689512026398 -13.799146377969937 -28.29719660971665 49.722110750285154 -36.74301640780374 19.537196519669635 -39.62076873089272 -8.381389361017469 19.149765373131483 -22.521162367279025 32.59466136795931 -2.0826996717657016 -2.2421434566493907 34.937732702277124 7.511451906005751 12.111747747976976 27.440642148874822 14.26659535572681 -11.836954716591585 -18.29068309198115 -0.8950539251300816 -5.56323051174051 -1.9019376114060438 14.548440815944748 8.126665324334406 8.217711359140663 -6.2217591397987375 -13.481691479804049 7.838101315027265 15.987355171841518 -7.58114435407922 -2.140597711246465 -10.851538293065527 2.8245980389987504 -34.400145034811544 16.27348795139166 6.937082503578407 18.904144785085492 -8.086851944625465 1.4909454974879135 28.258547834245995 -7.6557068299973325 -11.395556560151775 8.96259121666424 -15.918907169987884 10.193575992879675 12.74399744722983 -5.616840161211278 37.54741363169268 
