-0.5803879005997941 0.4230212108340686 -0.2076288039041071 0.469597131201989 0.027323505508819006 -0.08552400944995595 -0.7435747785188185 0.38655694959663645 -0.25714576251111715 0.0011316002618129346 0.061031814508774464 -0.18648355015633578 -0.9915705615634853 0.12386926154564681 0.6562023038044439 -0.3236354174120118 0.4592674934150827 -0.18820209830464196 -1.1769640800653458 -0.30183514517491133 -0.3825028523380696 -0.031141383238469437 0.1589219020120551 0.1502632336098572 -0.01855028908110663 -1.1521071152383295 0.1857098959966083 -0.11298206894021112 -0.012062792549563306 -0.46068818888580876 2.8540926601095555 0.7430179785455984 -0.12826201527996844 -0.026822722409366683 0.19241546216141028 0.25708475327560776 0.33291703927145905 0.7396579813136333 -0.1912821760838221 -0.6510991422910019 -0.10000571413825007 -0.17285850855209325 -0.1405026708445546 0.004417492134136823 -0.2362042230162112 0.35712164446399497 0.1495130794983174 -0.06418906737538697 0.005493446848923013 -0.18131244925855797 
114.90046538687929 0.0 0.0 0.0 0.0 0.0 0.0 0.0 0.0 0.0 0.0 0.0 0.0 0.0 0.0 0.0 0.0 0.0 0.0 0.0 0.0 0.0 0.0 0.0 0.0 0.0 0.0 0.0 0.0 0.0 0.0 0.0 0.0 0.0 0.0 0.0 0.0 0.0 0.0 0.0 0.0 0.0 0.0 0.0 0.0 0.0 0.0 0.0 0.0 0.0 
-28.819201516232113 96.24453993608077 0.0 0.0 0.0 0.0 0.0 0.0 0.0 0.0 0.0 0.0 0.0 0.0 0.0 0.0 0.0 0.0 0.0 0.0 0.0 0.0 0.0 0.0 0.0 0.0 0.0 0.0 0.0 0.0 0.0 0.0 0.0 0.0 0.0 0.0 0.0 0.0 0.0 0.0 0.0 0.0 0.0 0.0 0.0 0.0 0.0 0.0 0.0 0.0 
10.742047133315102 -41.01260617463996 96.59312073128996 0.0 0.0 0.0 0.0 0.0 0.0 0.0 0.0 0.0 0.0 0.0 0.0 0.0 0.0 0.0 0.0 0.0 0.0 0.0 0.0 0.0 0.0 0.0 0.0 0.0 0.0 0.0 0.0 0.0 0.0 0.0 0.0 0.0 0.0 0.0 0.0 0.0 0.0 0.0 0.0 0.0 0.0 0.0 0.0 0.0 0.0 0.0 
-47.40853047209314 46.55039356075463 2.964031173804786 100.34590333167766 0.0 0.0 0.0 0.0 0.0 0.0 0.0 0.0 0.0 0.0 0.0 0.0 0.0 0.0 0.0 0.0 0.0 0.0 0.0 0.0 0.0 0.0 0.0 0.0 0.0 0.0 0.0 0.0 0.0 0.0 0.0 0.0 0.0 0.0 0.0 0.0 0.0 0.0 0.0 0.0 0.0 0.0 0.0 0.0 0.0 0.0 
25.79293864768403 -36.4832145993332 22.71920848896698 -11.650358709369062 78.62862121999282 0.0 0.0 0.0 0.0 0.0 0.0 0.0 0.0 0.0 0.0 0.0 0.0 0.0 0.0 0.0 0.0 0.0 0.0 0.0 0.0 0.0 0.0 0.0 0.0 0.0 0.0 0.0 0.0 0.0 0.0 0.0 0.0 0.0 0.0 0.0 0.0 0.0 0.0 0.0 0.0 0.0 0.0 0.0 0.0 0.0 
-1.0567061593349965 -9.964437910211897 19.764104291213194 -2.294209466916784 7.7451743995938145 69.33096064071943 0.0 0.0 0.0 0.0 0.0 0.0 0.0 0.0 0.0 0.0 0.0 0.0 0.0 0.0 0.0 0.0 0.0 0.0 0.0 0.0 0.0 0.0 0.0 0.0 0.0 0.0 0.0 0.0 0.0 0.0 0.0 0.0 0.0 0.0 0.0 0.0 0.0 0.0 0.0 0.0 0.0 0.0 0.0 0.0 
18.81851609727152 19.812868631395936 -0.4758497694766735 23.356019168207666 19.236009452655857 36.96519578781409 86.90794034476274 0.0 0.0 0.0 0.0 0.0 0.0 0.0 0.0 0.0 0.0 0.0 0.0 0.0 0.0 0.0 0.0 0.0 0.0 0.0 0.0 0.0 0.0 0.0 0.0 0.0 0.0 0.0 0.0 0.0 0.0 0.0 0.0 0.0 0.0 0.0 0.0 0.0 0.0 0.0 0.0 0.0 0.0 0.0 
-11.210587803915855 -0.2741725225260921 -24.170662116647083 23.03571229564687 -2.200436450838579 10.000082371374528 14.645522896044225 72.03488587578175 0.0 0.0 0.0 0.0 0.0 0.0 0.0 0.0 0.0 0.0 0.0 0.0 0.0 0.0 0.0 0.0 0.0 0.0 0.0 0.0 0.0 0.0 0.0 0.0 0.0 0.0 0.0 0.0 0.0 0.0 0.0 0.0 0.0 0.0 0.0 0.0 0.0 0.0 0.0 0.0 0.0 0.0 
30.469280736526876 7.679523522819738 35.07824135248919 6.312998794695534 -8.275316279106203 2.3947501993994935 13.470084908254435 -17.43132891490678 80.22953149566716 0.0 0.0 0.0 0.0 0.0 0.0 0.0 0.0 0.0 0.0 0.0 0.0 0.0 0.0 0.0 0.0 0.0 0.0 0.0 0.0 0.0 0.0 0.0 0.0 0.0 0.0 0.0 0.0 0.0 0.0 0.0 0.0 0.0 0.0 0.0 0.0 0.0 0.0 0.0 0.0 0.0 
-1.185223588664449 -24.117317496823325 15.009218689816809 -16.435142407190643 6.812578373047376 22.82182715649309 3.5819850332538214 -12.013819579325888 -13.418880136365498 88.69549986077723 0.0 0.0 0.0 0.0 0.0 0.0 0.0 0.0 0.0 0.0 0.0 0.0 0.0 0.0 0.0 0.0 0.0 0.0 0.0 0.0 0.0 0.0 0.0 0.0 0.0 0.0 0.0 0.0 0.0 0.0 0.0 0.0 0.0 0.0 0.0 0.0 0.0 0.0 0.0 0.0 
-38.480830268868644 8.350969073179197 -32.536620544555824 -2.591505105614577 21.313658932319683 -16.578669184729108 -13.66128468514283 8.304904640036005 -0.23163719654210657 -3.2216459384347464 71.18556283413807 0.0 0.0 0.0 0.0 0.0 0.0 0.0 0.0 0.0 0.0 0.0 0.0 0.0 0.0 0.0 0.0 0.0 0.0 0.0 0.0 0.0 0.0 0.0 0.0 0.0 0.0 0.0 0.0 0.0 0.0 0.0 0.0 0.0 0.0 0.0 0.0 0.0 0.0 0.0 
-13.534035688700822 -23.223939088783816 -34.625470289061084 -26.443207436672896 20.13576177454198 -16.725474581192348 -27.321340735216815 -12.517934495769609 -18.2277307800816 2.130964570093209 28.857009267736462 67.2955672343069 0.0 0.0 0.0 0.0 0.0 0.0 0.0 0.0 0.0 0.0 0.0 0.0 0.0 0.0 0.0 0.0 0.0 0.0 0.0 0.0 0.0 0.0 0.0 0.0 0.0 0.0 0.0 0.0 0.0 0.0 0.0 0.0 0.0 0.0 0.0 0.0 0.0 0.0 
40.46123722612589 20.27173598195641 13.119222757912109 -33.99850632613228 -10.601438084015994 -4.391850944029851 10.591601993500037 -16.38842602966093 9.29455740961893 7.4200073881339375 -5.285092164792006 -11.859659654151903 63.178165083610914 0.0 0.0 0.0 0.0 0.0 0.0 0.0 0.0 0.0 0.0 0.0 0.0 0.0 0.0 0.0 0.0 0.0 0.0 0.0 0.0 0.0 0.0 0.0 0.0 0.0 0.0 0.0 0.0 0.0 0.0 0.0 0.0 0.0 0.0 0.0 0.0 0.0 
12.222305374830064 -14.57333484940009 7.796723815185235 6.412963136468043 -9.826909425647672 12.407187023998704 -2.5904400128326253 -4.499086153514098 17.927466943044685 11.11075848267637 5.911670770589394 -1.5238519453733672 4.7371086923840116 59.81190209398351 0.0 0.0 0.0 0.0 0.0 0.0 0.0 0.0 0.0 0.0 0.0 0.0 0.0 0.0 0.0 0.0 0.0 0.0 0.0 0.0 0.0 0.0 0.0 0.0 0.0 0.0 0.0 0.0 0.0 0.0 0.0 0.0 0.0 0.0 0.0 0.0 
-39.93181640152968 42.6031729478273 -17.281504272708617 30.31278825172723 -14.040968884599087 -14.24713700757003 1.707120945466071 0.38218749240333305 -5.627735791749132 20.782337984520577 -0.4543709732434833 -17.601501811338686 7.142591420513467 -8.388849435191121 76.5526420755108 0.0 0.0 0.0 0.0 0.0 0.0 0.0 0.0 0.0 0.0 0.0 0.0 0.0 0.0 0.0 0.0 0.0 0.0 0.0 0.0 0.0 0.0 0.0 0.0 0.0 0.0 0.0 0.0 0.0 0.0 0.0 0.0 0.0 0.0 0.0 
25.548723895847818 18.212231502522897 -21.194072810640026 6.325700810081565 -14.559246577949736 -15.994322828221685 8.248736115541405 -6.705152687515525 -8.354263343531288 -27.544455120938476 15.420350563106988 11.206450023303889 16.706757595355448 8.407307223111324 3.6170819539109296 57.2660036672147 0.0 0.0 0.0 0.0 0.0 0.0 0.0 0.0 0.0 0.0 0.0 0.0 0.0 0.0 0.0 0.0 0.0 0.0 0.0 0.0 0.0 0.0 0.0 0.0 0.0 0.0 0.0 0.0 0.0 0.0 0.0 0.0 0.0 0.0 
-5.8946343870743725 -2.1835930016095864 -3.7930670129486166 -11.858066827194369 21.006054109851334 6.696780774817354 7.5049166266082565 9.33375119072126 3.451720551588857 0.04193415697941865 11.379058392262895 3.38102421409826 -13.975150260877475 -6.404709742315918 -27.10280352041465 4.142784135186956 52.49414946573768 0.0 0.0 0.0 0.0 0.0 0.0 0.0 0.0 0.0 0.0 0.0 0.0 0.0 0.0 0.0 0.0 0.0 0.0 0.0 0.0 0.0 0.0 0.0 0.0 0.0 0.0 0.0 0.0 0.0 0.0 0.0 0.0 0.0 
-34.596780055903906 45.0547737974479 -33.25616524549473 9.400634964461194 -26.849647282955818 -33.722198531647635 -30.18965554756396 -21.686620954757753 -16.27671776067094 -28.139310333660013 29.447949401365992 7.621742172240365 21.37715848017719 -12.771693033977552 -7.214210932292563 -12.316690347679435 2.4748082280293473 73.843562415611 0.0 0.0 0.0 0.0 0.0 0.0 0.0 0.0 0.0 0.0 0.0 0.0 0.0 0.0 0.0 0.0 0.0 0.0 0.0 0.0 0.0 0.0 0.0 0.0 0.0 0.0 0.0 0.0 0.0 0.0 0.0 0.0 
36.243702967697004 9.277330463211639 13.973681799612589 -24.559462315694287 -6.208998525587069 0.035088958922878305 19.330894465314653 -18.974513291560214 -7.5117472433982595 -2.2130738008439037 18.940585566829963 37.82565226115471 20.387633807125926 22.66803730639923 -24.680158041735822 26.319601138925297 -9.087394844182555 -5.685575616640068 67.73711049594891 0.0 0.0 0.0 0.0 0.0 0.0 0.0 0.0 0.0 0.0 0.0 0.0 0.0 0.0 0.0 0.0 0.0 0.0 0.0 0.0 0.0 0.0 0.0 0.0 0.0 0.0 0.0 0.0 0.0 0.0 0.0 
-16.331686727889227 -4.595364431434742 -11.687656112546957 -10.652267077419696 1.6570963750794723 0.5778497966021039 -28.12379702241947 -2.0893873166234402 -2.750890649247101 22.245979265494295 -19.68305271381608 3.731449662419528 -11.085764898997974 -0.7740987464229632 -9.788865741663859 -9.940234192552781 -7.683617783404555 -8.839087297142939 -1.9602096434849612 60.70271925366298 0.0 0.0 0.0 0.0 0.0 0.0 0.0 0.0 0.0 0.0 0.0 0.0 0.0 0.0 0.0 0.0 0.0 0.0 0.0 0.0 0.0 0.0 0.0 0.0 0.0 0.0 0.0 0.0 0.0 0.0 
49.18881073311665 30.34826298325547 3.075728864101228 5.274995333646854 -23.59434597123448 8.985638196955177 14.985357676157648 -29.623779017876075 27.881751105430777 7.406279994057608 -27.853594688789077 -16.465808783576396 18.67766275245828 6.796916532678502 4.048988073148735 3.055974042926824 -11.68270205217105 5.5963590690710525 1.9154512277977014 -18.80351850398481 58.72195029393861 0.0 0.0 0.0 0.0 0.0 0.0 0.0 0.0 0.0 0.0 0.0 0.0 0.0 0.0 0.0 0.0 0.0 0.0 0.0 0.0 0.0 0.0 0.0 0.0 0.0 0.0 0.0 0.0 0.0 
15.109924244130076 -9.824131833054512 0.20082964200963313 -10.283766313710464 -4.136846339056511 -0.2964022331848928 -1.6112717858855534 3.4234195073452245 -9.931276989011801 3.4536756429276427 12.21567835367413 -0.01763406533865326 -2.238532352671914 10.157183921243545 -8.846329964590828 1.389526752842389 -9.148251043545098 30.187553021805677 1.8937083698836943 -11.104218668554736 0.5954835521069362 53.94303259896667 0.0 0.0 0.0 0.0 0.0 0.0 0.0 0.0 0.0 0.0 0.0 0.0 0.0 0.0 0.0 0.0 0.0 0.0 0.0 0.0 0.0 0.0 0.0 0.0 0.0 0.0 0.0 0.0 
-16.130702263594998 1.2607539841610216 -5.079515933972523 0.7592975945624628 -11.471634269778471 12.545196439766698 -7.291611709211236 13.221471531046681 -3.928880225528913 -9.110116372050781 -16.83254187490821 -9.061440807968257 3.1834989869479173 -2.437749053708209 24.08345264615809 -17.32018934615783 -2.05981646933088 -2.468420453020006 -27.508085681477738 -3.213072720474301 5.591630630837606 -0.5940753515935964 57.23794106427182 0.0 0.0 0.0 0.0 0.0 0.0 0.0 0.0 0.0 0.0 0.0 0.0 0.0 0.0 0.0 0.0 0.0 0.0 0.0 0.0 0.0 0.0 0.0 0.0 0.0 0.0 0.0 
-3.2310568919195997 25.55857532904061 -47.98258085605181 6.812968347195513 -21.453456217616573 -9.826164746838232 5.734064585531755 -0.8845880671013259 -17.01885516504964 13.092925479634575 17.381521191269755 9.459725952395889 15.455683435723614 9.463401943221998 -11.814096329388683 -7.067090240317064 3.8987886381199326 23.64362891197327 15.117155772531694 10.08402029347659 2.302452069775469 -3.035684559316063 21.87642788186876 52.06693925684904 0.0 0.0 0.0 0.0 0.0 0.0 0.0 0.0 0.0 0.0 0.0 0.0 0.0 0.0 0.0 0.0 0.0 0.0 0.0 0.0 0.0 0.0 0.0 0.0 0.0 0.0 
16.599709656478346 -12.546998262029417 35.947287482435385 1.3172073510675073 0.24146312753857652 18.506744657099073 12.878719154555101 1.2535110754733758 10.447481580619861 10.76967320072561 -10.17004622608971 4.8294181153650335 -9.107141253765253 5.7213685746955845 15.932963839637663 14.091756670673167 -4.632510888936438 15.872418492656225 -12.697314253813829 -15.601192452030329 -8.64506681072704 22.258864771481043 -14.707462785829376 -4.884642920794793 51.909870778033884 0.0 0.0 0.0 0.0 0.0 0.0 0.0 0.0 0.0 0.0 0.0 0.0 0.0 0.0 0.0 0.0 0.0 0.0 0.0 0.0 0.0 0.0 0.0 0.0 0.0 
-2.0992334644823942 18.787035361295658 3.532345443852921 2.3603712367723295 -3.0972657657220997 -0.23337815184759586 -3.6006322057696187 -1.4250327297810514 -6.343210060344422 16.392604287431052 -12.73811803170158 -26.796512461383998 -10.458511704019736 3.8254098248186765 9.422015345431948 -27.727489541092222 -5.486832934529749 -15.821953677017525 -9.645268930322734 -8.665881816800958 9.971956464600936 -9.466693763787527 29.17258360990155 -6.159432485755348 4.706695814176639 53.508781634562354 0.0 0.0 0.0 0.0 0.0 0.0 0.0 0.0 0.0 0.0 0.0 0.0 0.0 0.0 0.0 0.0 0.0 0.0 0.0 0.0 0.0 0.0 0.0 0.0 
23.48562116437709 -53.68519085286767 11.894258363477531 -21.91448514484156 9.653040851813376 -13.1466466479374 -7.019504071960832 5.43611678756953 -1.47803732307164 -2.8793757019678865 3.889643713065537 4.0698785548208365 -11.676351322834298 6.383723144786585 -12.023656937634318 -6.483404172648893 2.6230730975213463 -26.946240148356818 -18.30349884800598 19.423115204991127 2.5871858575433713 17.535263732552625 0.8152010865795952 11.73244861265509 -7.513558115069993 0.6135380837330604 63.97871945659914 0.0 0.0 0.0 0.0 0.0 0.0 0.0 0.0 0.0 0.0 0.0 0.0 0.0 0.0 0.0 0.0 0.0 0.0 0.0 0.0 0.0 0.0 0.0 
44.800851848083504 -17.897788336475564 -14.426027756859765 -21.350284965456012 -9.23934913992526 -16.90808785090249 -12.41753223075713 4.19117558845684 -1.6863772386486555 -17.415372428392924 -9.546301005539215 5.834169641419354 0.6760129491589878 -1.1647878908004219 5.59267857555163 21.394543739844554 -11.797466623444157 8.18616297153636 -25.606857350411214 5.232726186879706 -6.026745823738041 -0.010327271278125816 -0.7414751683438852 6.872350492378496 -3.415092606979513 -4.061079814429693 15.777426960854186 45.54257010564009 0.0 0.0 0.0 0.0 0.0 0.0 0.0 0.0 0.0 0.0 0.0 0.0 0.0 0.0 0.0 0.0 0.0 0.0 0.0 0.0 0.0 0.0 
38.91591928235237 -47.37777967403305 17.340763218784076 -11.607102721138157 -4.717145489356903 -6.833963558538503 -18.069750553788662 -24.695750478339313 2.9856716620007164 9.104273942376448 -22.99573993213754 10.554839766742147 10.604135631096938 8.057763404871935 15.042844902829897 23.65143925616031 -15.801071822525412 6.961128905866042 -19.853983514367723 12.460377399515805 -11.78817367745923 -19.505552235490903 8.207502883956556 0.25624629522444003 11.193333951708922 7.5962400284919225 -5.869515370763566 12.232180192766243 56.51611099445757 0.0 0.0 0.0 0.0 0.0 0.0 0.0 0.0 0.0 0.0 0.0 0.0 0.0 0.0 0.0 0.0 0.0 0.0 0.0 0.0 0.0 
7.671556285151136 42.705098869666145 -3.5157476637580403 0.28264302727741103 -13.608467632113566 3.2518424946531037 3.3322059996574147 -0.8839348486621155 17.570463449333197 -14.879902463220319 1.9244088056661581 -13.412671757055266 8.815570882201646 -16.911017387634367 6.891047855938484 2.45924202028737 -4.219127942034171 4.375959595298892 15.595763514533173 5.748126684377379 7.023862284723634 -11.56817608447003 -7.28953120912402 -19.979889055625886 -17.17965659197414 3.8062565567042475 -3.015775007311139 0.19846734344277833 -4.230162827559741 54.99835217874672 0.0 0.0 0.0 0.0 0.0 0.0 0.0 0.0 0.0 0.0 0.0 0.0 0.0 0.0 0.0 0.0 0.0 0.0 0.0 0.0 
47.575731243516614 -31.67032487657006 -14.209115140063808 4.390150834440816 -4.988784138938201 4.797127670153545 -14.166396137511068 -16.656829364943096 -2.1171133747248745 11.618356048251782 -10.842860365736492 -3.0406561804034946 6.042182796990949 23.017434432215182 -2.8670896333998543 22.787191599640074 -12.172479035647662 -3.599954768858407 5.2251313257388095 -1.4626777043122967 3.623491134671662 -10.441526896836038 18.833447645143643 10.140684547439474 -6.312810957245344 -11.572889560178163 -15.320234123482937 -9.111819412848329 23.185489749253662 -7.782990165980413 60.94460586484704 0.0 0.0 0.0 0.0 0.0 0.0 0.0 0.0 0.0 0.0 0.0 0.0 0.0 0.0 0.0 0.0 0.0 0.0 0.0 
-26.605150461119653 10.543611207197445 -20.714065737906804 8.197026794182744 5.194175973531525 -8.571192092639984 -13.05209477097928 6.984848654182346 -17.97708254062594 10.773898560093844 15.74456431372462 -16.242218719729077 -17.008248253613832 -8.923179919882202 12.961841919517953 -19.855928824058363 20.688143086942635 -7.622689787906488 -15.950270083596696 -10.605660676985192 -13.121488589020977 -7.732890256696814 15.814293833418835 6.286814641366733 -3.7248780042275587 -9.232728828491314 16.224950568626458 -9.911108143456264 7.313251820079929 -9.664701834779109 -3.299336789658088 51.954768527575055 0.0 0.0 0.0 0.0 0.0 0.0 0.0 0.0 0.0 0.0 0.0 0.0 0.0 0.0 0.0 0.0 0.0 0.0 
-17.071845662081678 -26.538977104321958 2.476266162472948 1.4166054616472588 -12.522310853726415 3.6299053456642025 -12.004028478580834 7.6201568039568555 -21.529201561688673 24.976049518923148 -4.072944975855987 7.096061953294238 1.5551000807316933 -12.107300911074324 -3.097169983129807 -20.32160325098661 -20.09690057687586 16.293812532384543 -9.742081011563714 10.744637369437616 3.33246906857322 3.2127598559329855 9.859248336873073 -0.344777856512543 2.878555034468874 32.88158402136267 -2.426457276715131 15.468301068007678 1.2645546280425657 -2.9768195169581806 15.295813573709555 4.025771588416982 53.2959950562266 0.0 0.0 0.0 0.0 0.0 0.0 0.0 0.0 0.0 0.0 0.0 0.0 0.0 0.0 0.0 0.0 0.0 
4.578075857241472 -16.494146501331016 24.52966340460393 10.99686593820403 -16.218625230923944 19.156714862947233 4.180328721784551 27.735127140540715 19.930386865457027 9.129460386912978 -27.426390717593378 -0.8876648185587469 -7.468804023874612 2.874158093968531 13.792788715200592 15.255681617154169 -9.523142484070105 -2.585846370060609 -5.260475958286527 11.885125440100577 10.508228901159361 5.480613042760931 1.5792421799864738 13.69647449100122 -13.221643912660435 -3.778628873488767 10.557539029924639 23.812038261713628 -13.718812380505478 6.497143107029553 5.213061138540745 -4.350466602294235 0.6289361080660852 67.69523725004403 0.0 0.0 0.0 0.0 0.0 0.0 0.0 0.0 0.0 0.0 0.0 0.0 0.0 0.0 0.0 0.0 
-24.135148504567248 -18.895856907172107 -10.981488007393915 -8.186733639308486 -4.96830180460928 3.7653386841115117 -10.264247530263832 21.527271189810598 -8.35157185675572 -9.418741994418777 -7.417674542614657 1.6513777153940221 -10.555492002695637 0.1539919112282302 2.0604750783976833 -15.288343596346483 0.0627306734494817 9.369335425685048 -4.767802395237893 -6.227352777819752 -0.0020618795621758597 -4.334059821488121 14.844745507214858 -4.441146048971369 -8.350432202087235 24.317882504139046 -5.275365752677444 -12.4945446546247 -4.522373529809209 -5.775889203100925 9.413730843874154 -13.538622170136366 -4.43427121476228 2.590197160827072 40.0490818965008 0.0 0.0 0.0 0.0 0.0 0.0 0.0 0.0 0.0 0.0 0.0 0.0 0.0 0.0 0.0 
-9.37816830745937 -20.78053636108241 -32.01404710018374 -8.874262365666983 4.541888094775783 -26.859845517692417 -9.404156996100241 -6.577853284157558 -10.826331154154525 0.2879049563490433 11.662441765829875 13.747721222081202 3.6384726246650843 4.253244229870838 5.4887751414983335 -27.461203849169525 6.357253843802363 8.653148824531893 -13.386592829668812 9.75052272370735 -12.544902157652887 -5.114481481973884 8.051777053814515 5.070238779494786 1.1973812548492255 17.67165407441209 0.32718499850006727 -1.763838944647858 11.063799970612724 -4.789155167446885 6.8822578990909715 0.6938561328329962 5.790979327526253 -11.965884890229656 3.3898421233693097 35.36867896237211 0.0 0.0 0.0 0.0 0.0 0.0 0.0 0.0 0.0 0.0 0.0 0.0 0.0 0.0 
-12.550989764317217 0.4534272440615516 -3.280499244770638 7.809495981666788 2.147344540711023 3.383434193385887 15.973960094390034 7.9188434305139594 6.070490409367493 9.391882980981176 -7.151535007085266 -5.7059091308823335 -11.636946623892031 13.768673845049717 20.48993274494548 -7.788384947805442 -11.85997858332557 -10.482057482089237 -0.32269939351809573 2.3223081633820155 -0.7480420175418712 4.533335473855214 -0.7612366023272895 4.454889439474868 4.3707883376897065 10.876357379514547 5.11433141252292 0.35207017375298943 -5.908993493084488 -18.387340950739755 13.955287183510483 -7.374283464946536 -8.492136064011223 -10.158313423250993 0.44506322703810985 5.7952360370921285 39.255485949339764 0.0 0.0 0.0 0.0 0.0 0.0 0.0 0.0 0.0 0.0 0.0 0.0 0.0 
-31.510922330243908 12.0088072556441 0.03829570228166592 16.687278909552777 16.582217984918245 7.205209475193019 15.21493878972728 18.615323119894033 7.974509916839872 -11.018011041489528 -8.817909727775495 -21.28052549115126 -30.84739215868109 -7.758592323513606 13.160331190145119 1.7059710716996224 16.046019233709984 -1.9223316078428416 -12.478204956808085 -10.342793622150538 6.632754093406924 0.9721153958342664 16.004461748276334 -7.118393874471733 18.470861405640765 4.479356995676244 18.189568686479987 -13.335339875653816 -7.011497007617936 17.128175727117235 -4.251391906400573 0.6666835724383459 -4.338330182584459 14.403922064939977 8.78647896242424 10.019939773165047 -9.869824398614734 46.36198460323229 0.0 0.0 0.0 0.0 0.0 0.0 0.0 0.0 0.0 0.0 0.0 0.0 
16.38884055118411 -37.9911136829484 10.025411148520988 -23.366534088412717 16.595789604668358 -13.82383871909421 -26.92135324574562 14.982403494802695 -3.4724557686648536 -3.0686314898016493 2.1318723691109303 0.2116664128780378 0.8709263627700151 -6.183980568191677 -7.2406863136776884 19.61774241676361 0.6098432289829039 4.053571184907806 -7.457149991722708 9.117007333394525 4.601328336351636 5.955281760773981 -4.9281303890468156 -2.716522471285056 -9.22355106386649 2.8692119652166888 7.5753802321887385 2.495765089402774 6.97096105840277 11.495616536540785 1.0253569958312139 -3.686709286794757 -4.740167926777776 16.063371126721584 -2.4740291146619207 -8.683379319888875 -11.681538892880903 16.720475679705157 47.32699864222728 0.0 0.0 0.0 0.0 0.0 0.0 0.0 0.0 0.0 0.0 0.0 
38.072323932152294 -21.010881807611796 38.52879657058548 -30.512606903234083 -0.4673230083409405 -11.089274826779784 -15.250626530046064 -33.7764805101929 19.461565111866335 -13.999352621291735 -4.720437427402296 3.164079915759182 2.331477047075278 20.796029057105578 -16.113780778918102 -11.873725849040433 -6.197981471201525 3.036533049187282 -4.857677072537976 2.693231702657377 -2.188662220367655 12.455577800271609 -0.04007198993835504 0.27407699165073607 18.808146243907988 4.527265214622163 8.173398588305801 -3.5649611376815864 20.133346005188915 -9.726176138635385 -7.208463224845081 0.6879103854356772 15.011468247788438 -2.315808249415973 -4.334397904688121 -0.307717547380071 15.211756483184294 -8.376232337739006 15.761789240501134 44.535279486409664 0.0 0.0 0.0 0.0 0.0 0.0 0.0 0.0 0.0 0.0 
13.38827134902079 0.6410771773695426 -3.0884083764468673 -2.115540378954346 35.05334365954467 -4.477965109471326 30.83825079905479 3.6841084776068262 -13.02156750494934 15.707408929793031 17.257864954547287 16.600079766642498 6.15874673717604 -11.024342814963262 -18.373501081538667 -3.03883467092034 2.651412943582394 -10.851212496163136 0.2795174398165054 -7.202891124400647 7.689731422849008 20.01514121818399 1.9236811768440265 29.089103246526165 -2.6182134006011335 -9.940935592815048 14.131041973489216 9.967940215419558 -11.696238448908426 7.7437178821582044 -0.99764840539679 -8.733332065383783 -13.66831604095009 7.616409735530624 -18.71259202174896 19.27632374896534 -2.7091062643614117 11.624550198741996 -1.8466091984526514 -10.550508663367822 28.081994165171412 0.0 0.0 0.0 0.0 0.0 0.0 0.0 0.0 0.0 
26.272038267975912 -42.24331761246587 20.407315872136824 -27.782893656913952 4.008431314058533 9.826438068655708 0.45435518540590436 -0.6017904814370617 -7.9446116593609535 16.161011793844608 4.4380067983429505 21.847855374766954 14.617956856698932 2.146448590567443 5.905925726335955 -4.851657384998233 8.567714911055402 4.906582782588094 -13.702356579127446 9.008429291077 -8.384062885781868 26.247856449873257 -19.37624287771945 6.343994500090465 2.3922056255346504 -8.37050823813948 18.083364375256846 12.71102481387734 -13.01299969244193 13.46031039419598 -11.221293728207518 -2.1149338120772216 17.57551250572007 4.88741885069355 0.1705108607042359 11.753018069344751 -3.7014414997698273 -1.4869014694184612 11.64869574320224 20.205159811392427 3.9489755176280115 33.215818136206835 0.0 0.0 0.0 0.0 0.0 0.0 0.0 0.0 
6.064214404039384 16.315746568143712 21.712734475219957 9.097431340709507 -7.457931299312055 4.5527609390246 46.694606482631144 -3.47864056103913 6.317516023732311 -14.978180252125775 17.423756490959903 -14.1326383565777 5.260652339702665 7.671826259928962 3.658291416403997 0.47489984828318016 5.314569961447535 -4.870766733237886 5.344998836408881 -1.8449857241778267 9.84035382934294 20.735971680210113 5.815129680505074 1.7605841075762996 -9.361578041206922 5.699563074403792 -1.2551220791787243 -4.3133765404134365 14.44406083628321 -8.783346834251748 2.6421403918420494 -1.0285049511017619 10.02940888284054 18.99059666071723 13.041771161916532 -10.360589160087663 -13.019435487261157 1.0883917617916348 -7.198258404731743 -4.255958814672108 -1.9380006246776718 -10.802684489373162 32.30013764243352 0.0 0.0 0.0 0.0 0.0 0.0 0.0 
-9.408464536009129 -5.214369924745009 2.963532203643396 6.054044630562248 -10.145420055814817 -26.68201257846228 17.47358734916007 -32.50360713173022 -3.75941241580039 -4.5547935281968215 -4.959968539520069 12.114969373867911 23.819611705868297 -1.5126644505978735 -11.54684661505385 8.105753995330003 -2.741769192550188 16.744681850255457 14.424106135916624 -17.38691611981322 -25.509977781059924 -7.320464381615041 7.7460231077571216 17.768295096142747 -5.5342228612781454 -10.945490162806617 -1.9620189422278078 -26.264742064423626 16.10100237751992 -14.07904692095011 8.90541967820799 4.783011153126096 10.295241816168467 -5.892037143523692 -7.274275466383452 -2.2074457890255355 3.8053813038554742 12.005612821429247 5.50800674217185 6.550697497927175 2.5529248728140685 -21.381261845798726 -10.538573554755505 40.092882007256314 0.0 0.0 0.0 0.0 0.0 0.0 
22.090164326966942 24.797949005410043 -14.171334811845242 25.154953903069394 -16.694387155223225 -16.20494007395999 7.527176326984025 10.440489341016551 -4.179368005913652 -10.222130700775942 31.85497449676614 -0.5541275297783401 21.176892097120056 5.5409929092165475 -3.646003463729004 12.509202785483149 1.2242184500257238 4.713740896196125 8.98470933521208 -12.76380478478228 -7.199832263023752 13.68388277270281 -5.809501362405979 -14.616271429319864 1.4069977688706778 9.973687905752032 8.560636189545725 8.572331462959117 3.574280518611489 8.328604747967178 -8.789604842705426 -2.3067770901801143 12.4004105692937 1.0355066467080711 -5.91999577141996 6.6788591195762805 3.012142033960936 -9.47316397944842 -1.9164978004858788 -1.92886252662772 -4.981528438747067 -0.5059336290881358 6.117273443559205 -15.561915825304519 34.87517251777637 0.0 0.0 0.0 0.0 0.0 
-9.373881341596759 -9.022032742796092 -22.27847237573432 24.732025321253904 10.129373504856558 -0.3456875065285682 -3.5207678324839096 3.310379809411195 -23.240895817566358 5.145249683712853 -23.604583642422266 -6.9752255289405545 -5.694985197876025 3.191110916885056 10.629881399305564 2.891687034046244 7.3052340541020735 -18.107020831257227 -18.017794315739142 15.126562516197653 -6.434917255298827 -3.524356838037959 21.59360881648541 9.668993866908746 -6.302196539804406 6.263564782461525 10.620257076553594 5.4304705907385715 -1.9521848680941716 7.343772268948042 9.955082430411112 9.28391812466162 -12.0276187772295 0.7433469463190684 4.703266446378854 6.305195480287022 1.4600664703602266 -6.8031822822932835 0.9331809798802709 -5.7408687467101265 2.3124579233091427 -4.761579238832638 8.692359458081082 -13.283182971095137 0.9366900098013857 37.42796686867435 0.0 0.0 0.0 0.0 
18.050225337504372 -22.42350019684454 -10.884705109016378 -3.5027081410127696 -0.5331162205324897 1.7466203086627494 22.86885368379049 0.4314698220509361 15.412144231593963 9.089736288492633 -9.54153636602165 -7.036338166300773 -20.177316561836758 15.102929922935033 15.201758981811183 9.821430407267941 -2.8854726221297424 -9.615981084185002 -21.903399062901137 -13.18807263768939 -6.153945067989694 -7.272497647695752 -3.789422427240979 -0.1610671777825419 25.068676407005494 18.59688603193029 -2.5620894878421856 -6.520205686966591 4.829601907377711 -4.161795989301192 4.273794801620507 -16.271877281334213 -14.780821217003545 -5.940548093409237 14.493933629331963 2.623576506626996 -22.37782637008385 5.859356167314629 10.578649794272978 -7.500766215993817 3.588345396785291 3.0887667774536385 -4.284159281939189 -1.4181991746564684 -1.9705521986315697 -2.3443427636427363 26.86853939291769 0.0 0.0 0.0 
-18.400035782630827 -15.161523954696998 -15.904545548986325 -10.52270108767923 24.672627590509965 -32.85190090092461 -21.098335556002176 -4.838792038605042 -7.03703068946101 1.261657497844177 12.518382833235218 6.319986051178316 -0.7545593933604294 -3.470370683343957 -3.370938832213062 -21.69698846710137 13.590146886733587 -18.64356321879011 15.078615616920091 -5.6950486215726634 -21.460657555462223 -10.55168498566445 3.1155088911419053 -16.659033879566426 -12.612639020181046 1.7951857085076144 7.650522816571935 -1.7580791247776109 2.7339747368501968 -3.7989998556640434 16.513693828708945 22.269485483266468 -18.765500997210005 -30.28922286177695 11.85936011534215 -3.042369668260587 3.2611882728455783 -16.29725452304612 8.0707354784642 -0.5691394972568818 11.518673920798637 -15.053658428571726 3.7538591655076914 2.617355437745345 -5.024325087173084 12.719376993118447 8.516073699072988 37.92487479154553 0.0 0.0 
12.390236840919561 -13.870051819812216 3.5993027028386653 3.2148249891205833 21.58483633776292 3.776596892287791 2.35660885750367 -1.1565036749506221 3.9223557190627414 3.682275667573371 -6.674149382995937 4.173370089173842 -19.901467672082777 -13.375814765524131 -7.008648823714186 -2.323991327007951 -0.36709662987724573 -0.3783700811094781 2.1066276493554117 6.988388016805768 12.23652194718536 -6.9282041604370015 -8.076514447547227 16.412004779898798 -7.9395812052748225 -10.658033957648925 5.62760709566384 15.179663490758356 1.93769864251695 13.088605038697951 -1.339631872110916 9.120167290958104 -11.024735395589062 3.8277668746796905 11.46391890060095 -9.425165249904367 3.749124822718546 7.240449111124341 6.348534233007985 -7.121237890610767 -5.1261112920698455 -7.226198673161606 8.418063500636878 -0.5571757421809178 -1.215672565464053 -4.649834764752101 -7.23271696474639 4.29395547286786 29.50868121503085 0.0 
-1.0742614007109395 -2.7418800957506706 -10.410125879314883 -2.5106559337151073 -7.269461187554114 -1.4485417542174375 -25.40938367229267 -12.810646103910983 -14.69354405129777 10.019516003570413 -2.231191454677018 18.584473807830584 4.318692000672398 9.288790464007386 4.787505459887861 1.4276853750541756 -6.228499870622844 14.360258547739914 15.63174080197456 7.717564222438271 -9.035700567359825 -0.8606924132621986 -4.749414835249829 -18.462212012406145 20.50738800876883 19.26123198803867 -0.7760682881259128 -13.403695901962758 8.358222530004987 9.77441725439945 2.665203751580671 -0.8079151883659328 0.2898945465394293 -16.592302729416325 -0.17481643396148613 -14.311700584223681 3.304517527112515 15.452614939088242 18.946086695459627 -2.077985626090471 0.4165749424881473 15.130661879820899 -5.644456081382914 -6.008559025249282 2.5137177890521207 -8.091387261695125 5.869662459961812 7.151788703543878 -5.3021066438866296 29.461671144117858 
