0.15241117243261343 0.02589938395794414 -0.13932088955397792 -0.09495599121439238 -0.19166949749620038 0.15040828071631565 -0.24840210600480928 -0.6418194227505765 0.28378847839907995 0.05079414632521614 -0.17201765380169873 0.017664278542979632 -0.07362871514208025 0.05236304978652567 0.11182685796176826 0.2614741648775054 0.13014878057706136 -0.2640668853050695 0.4817681930540663 -0.2891023942892906 0.6481974927370766 -0.1971471412955195 -0.34965853170169314 -0.41014339489044344 -0.053387023071469926 -1.1666451563277875 0.17008612392643904 -0.269674443418952 0.031082023720688634 0.3094139869303782 3.0350846096097612 0.3240481275415617 -0.5933396912392759 -0.45392407831503145 -0.15588273374696252 -0.2612673815867461 -0.03732765742944649 0.12143023056312681 -0.3879528032725869 -0.13628333919649438 -0.5782405972249451 -0.2865723380743951 0.27529376046969106 0.11252495909286708 -0.22549083765695213 0.08054839437280693 -0.14292369393959145 0.7808891696403092 0.0821033394845764 0.27258070362786074 
92.59074622954 0.0 0.0 0.0 0.0 0.0 0.0 0.0 0.0 0.0 0.0 0.0 0.0 0.0 0.0 0.0 0.0 0.0 0.0 0.0 0.0 0.0 0.0 0.0 0.0 0.0 0.0 0.0 0.0 0.0 0.0 0.0 0.0 0.0 0.0 0.0 0.0 0.0 0.0 0.0 0.0 0.0 0.0 0.0 0.0 0.0 0.0 0.0 0.0 0.0 
14.804592782176183 67.36977674335274 0.0 0.0 0.0 0.0 0.0 0.0 0.0 0.0 0.0 0.0 0.0 0.0 0.0 0.0 0.0 0.0 0.0 0.0 0.0 0.0 0.0 0.0 0.0 0.0 0.0 0.0 0.0 0.0 0.0 0.0 0.0 0.0 0.0 0.0 0.0 0.0 0.0 0.0 0.0 0.0 0.0 0.0 0.0 0.0 0.0 0.0 0.0 0.0 
34.73375779996722 -16.373451365652677 59.477730425765216 0.0 0.0 0.0 0.0 0.0 0.0 0.0 0.0 0.0 0.0 0.0 0.0 0.0 0.0 0.0 0.0 0.0 0.0 0.0 0.0 0.0 0.0 0.0 0.0 0.0 0.0 0.0 0.0 0.0 0.0 0.0 0.0 0.0 0.0 0.0 0.0 0.0 0.0 0.0 0.0 0.0 0.0 0.0 0.0 0.0 0.0 0.0 
13.22407481996353 32.49318542138899 -16.53695873902239 52.97660028492769 0.0 0.0 0.0 0.0 0.0 0.0 0.0 0.0 0.0 0.0 0.0 0.0 0.0 0.0 0.0 0.0 0.0 0.0 0.0 0.0 0.0 0.0 0.0 0.0 0.0 0.0 0.0 0.0 0.0 0.0 0.0 0.0 0.0 0.0 0.0 0.0 0.0 0.0 0.0 0.0 0.0 0.0 0.0 0.0 0.0 0.0 
-3.6358743855571674 22.51037474593614 1.0874531438394555 5.723834384952121 53.94068122003408 0.0 0.0 0.0 0.0 0.0 0.0 0.0 0.0 0.0 0.0 0.0 0.0 0.0 0.0 0.0 0.0 0.0 0.0 0.0 0.0 0.0 0.0 0.0 0.0 0.0 0.0 0.0 0.0 0.0 0.0 0.0 0.0 0.0 0.0 0.0 0.0 0.0 0.0 0.0 0.0 0.0 0.0 0.0 0.0 0.0 
-5.308692533767502 -19.326291819698397 9.371763049339703 -2.254800007204515 -1.577943292138693 57.633058471949255 0.0 0.0 0.0 0.0 0.0 0.0 0.0 0.0 0.0 0.0 0.0 0.0 0.0 0.0 0.0 0.0 0.0 0.0 0.0 0.0 0.0 0.0 0.0 0.0 0.0 0.0 0.0 0.0 0.0 0.0 0.0 0.0 0.0 0.0 0.0 0.0 0.0 0.0 0.0 0.0 0.0 0.0 0.0 0.0 
-29.708873838265312 -7.107615725135939 0.20063988901523178 -15.456148581191577 7.275083916598662 4.685335597790491 55.88597270892426 0.0 0.0 0.0 0.0 0.0 0.0 0.0 0.0 0.0 0.0 0.0 0.0 0.0 0.0 0.0 0.0 0.0 0.0 0.0 0.0 0.0 0.0 0.0 0.0 0.0 0.0 0.0 0.0 0.0 0.0 0.0 0.0 0.0 0.0 0.0 0.0 0.0 0.0 0.0 0.0 0.0 0.0 0.0 
7.227505517990663 -8.36793801024868 -1.6562645744185291 8.454553974889564 13.160442767646451 -14.502300651906186 -8.876579834499037 62.41858643970287 0.0 0.0 0.0 0.0 0.0 0.0 0.0 0.0 0.0 0.0 0.0 0.0 0.0 0.0 0.0 0.0 0.0 0.0 0.0 0.0 0.0 0.0 0.0 0.0 0.0 0.0 0.0 0.0 0.0 0.0 0.0 0.0 0.0 0.0 0.0 0.0 0.0 0.0 0.0 0.0 0.0 0.0 
-3.017216582285184 8.578910722324274 9.357559337036633 9.530931379322357 -15.023092077203774 -1.1079725037718238 -1.8780407494880305 -6.421693530348869 63.57735497377521 0.0 0.0 0.0 0.0 0.0 0.0 0.0 0.0 0.0 0.0 0.0 0.0 0.0 0.0 0.0 0.0 0.0 0.0 0.0 0.0 0.0 0.0 0.0 0.0 0.0 0.0 0.0 0.0 0.0 0.0 0.0 0.0 0.0 0.0 0.0 0.0 0.0 0.0 0.0 0.0 0.0 
12.910269574630991 4.938216254347232 3.9032539685773187 -0.33586611024025936 -1.4097043649354606 -6.821785439626926 -6.950709847026165 -0.9953261980631556 14.237987322706301 52.7297169092576 0.0 0.0 0.0 0.0 0.0 0.0 0.0 0.0 0.0 0.0 0.0 0.0 0.0 0.0 0.0 0.0 0.0 0.0 0.0 0.0 0.0 0.0 0.0 0.0 0.0 0.0 0.0 0.0 0.0 0.0 0.0 0.0 0.0 0.0 0.0 0.0 0.0 0.0 0.0 0.0 
-12.619548238496744 6.395304382687806 -6.915998891262651 24.610901632611327 -7.864643886321978 -16.211715743625657 12.794829347867699 -0.7543069948124697 23.06510221908812 27.521008857848674 49.183512295821586 0.0 0.0 0.0 0.0 0.0 0.0 0.0 0.0 0.0 0.0 0.0 0.0 0.0 0.0 0.0 0.0 0.0 0.0 0.0 0.0 0.0 0.0 0.0 0.0 0.0 0.0 0.0 0.0 0.0 0.0 0.0 0.0 0.0 0.0 0.0 0.0 0.0 0.0 0.0 
-0.2820379338620277 -4.849587311128784 -5.514271459607514 9.65402259852043 -11.057928422470164 10.736489771868655 -0.6869934423402387 -7.643280649088214 -3.659103724368231 5.497120594889219 15.423407831632414 40.939624675385 0.0 0.0 0.0 0.0 0.0 0.0 0.0 0.0 0.0 0.0 0.0 0.0 0.0 0.0 0.0 0.0 0.0 0.0 0.0 0.0 0.0 0.0 0.0 0.0 0.0 0.0 0.0 0.0 0.0 0.0 0.0 0.0 0.0 0.0 0.0 0.0 0.0 0.0 
1.6542907895866212 5.444509997402271 7.733672994797782 -10.04419467711824 -3.6324253834521354 19.50365336607594 -7.993562971028399 -1.787563896989446 16.213142077619292 13.610071930343397 0.17401191914749156 -10.636127386482734 53.17573338864593 0.0 0.0 0.0 0.0 0.0 0.0 0.0 0.0 0.0 0.0 0.0 0.0 0.0 0.0 0.0 0.0 0.0 0.0 0.0 0.0 0.0 0.0 0.0 0.0 0.0 0.0 0.0 0.0 0.0 0.0 0.0 0.0 0.0 0.0 0.0 0.0 0.0 
-0.5409819995017091 -2.1580057392027827 -6.619903155687105 1.1017578678045556 4.063842819981473 -1.4108904011028889 2.4529503999578344 4.620242869227167 -12.066578827980813 -8.34315707002868 -16.888263342198748 -2.4673729325285603 -1.6051369069916612 37.394498915677616 0.0 0.0 0.0 0.0 0.0 0.0 0.0 0.0 0.0 0.0 0.0 0.0 0.0 0.0 0.0 0.0 0.0 0.0 0.0 0.0 0.0 0.0 0.0 0.0 0.0 0.0 0.0 0.0 0.0 0.0 0.0 0.0 0.0 0.0 0.0 0.0 
-9.848404773334423 -8.89635821424552 4.592863565648157 -2.336410747382277 -0.7030311017225499 -4.36946419593064 -14.496075241327732 6.320567837774366 -11.038574229942665 -27.95928467298965 -16.5798408920659 -7.281179739945128 16.68550694386595 0.7745224833416657 49.27101915620589 0.0 0.0 0.0 0.0 0.0 0.0 0.0 0.0 0.0 0.0 0.0 0.0 0.0 0.0 0.0 0.0 0.0 0.0 0.0 0.0 0.0 0.0 0.0 0.0 0.0 0.0 0.0 0.0 0.0 0.0 0.0 0.0 0.0 0.0 0.0 
5.766519688843991 -10.947635388076584 5.485896539813548 6.931347920759109 -6.97944143582394 -0.5588225049410275 12.199689962627103 7.294370804235026 -4.929105846002112 1.245558722685741 21.798933868070613 8.755600827625159 8.61018089061981 1.5918628004178819 6.934963448425275 35.23034020036881 0.0 0.0 0.0 0.0 0.0 0.0 0.0 0.0 0.0 0.0 0.0 0.0 0.0 0.0 0.0 0.0 0.0 0.0 0.0 0.0 0.0 0.0 0.0 0.0 0.0 0.0 0.0 0.0 0.0 0.0 0.0 0.0 0.0 0.0 
23.692987240187605 7.367556713980846 -3.9333458321778614 -8.517272990614282 -12.035828050616736 5.547672381626224 16.267538022161116 -9.38091826080324 4.604529551794357 11.185666285640727 0.7106501920836169 1.9407912112428751 -14.632658407911425 0.9494068261034171 -7.845375953084893 3.3565294479800403 43.544520780288906 0.0 0.0 0.0 0.0 0.0 0.0 0.0 0.0 0.0 0.0 0.0 0.0 0.0 0.0 0.0 0.0 0.0 0.0 0.0 0.0 0.0 0.0 0.0 0.0 0.0 0.0 0.0 0.0 0.0 0.0 0.0 0.0 0.0 
33.3246522241927 23.14641416167612 -3.192281009351135 14.523083486367112 -15.625129764769438 -4.286268988126275 -9.809056693370177 -20.419222806443813 22.05072112382483 8.290860409585795 14.857001211297973 4.823251198048559 0.03334689089428732 -4.196450315362343 2.495197736887066 -14.726732250264408 8.082790260531906 40.50544176442797 0.0 0.0 0.0 0.0 0.0 0.0 0.0 0.0 0.0 0.0 0.0 0.0 0.0 0.0 0.0 0.0 0.0 0.0 0.0 0.0 0.0 0.0 0.0 0.0 0.0 0.0 0.0 0.0 0.0 0.0 0.0 0.0 
-10.146050183870303 -0.8658644470133258 -1.6642920299927482 -17.1023736615942 -15.258772727024233 18.230665046959462 18.361514719821784 -7.81088416351602 -20.71039630935158 -3.0584671513760284 4.408122988652734 23.156493407636336 -10.359850525558532 3.1479013731697267 -23.74410972333213 5.852695079134241 -1.3957093821075572 -8.46566519372173 45.55024092605822 0.0 0.0 0.0 0.0 0.0 0.0 0.0 0.0 0.0 0.0 0.0 0.0 0.0 0.0 0.0 0.0 0.0 0.0 0.0 0.0 0.0 0.0 0.0 0.0 0.0 0.0 0.0 0.0 0.0 0.0 0.0 
12.244233625975712 18.222033658111226 -10.41441661847606 0.5511573667730274 -7.047317723133933 -0.2873320168833235 4.62723099419241 -19.18426452810187 -0.4629364246879246 -1.5017401190112256 2.7116165652762905 -11.589365781502964 -14.720202926536613 0.15588916765732555 -5.98648100694771 -1.2426781666965063 7.34304893669096 -1.972682523435558 12.074370262336291 44.27665334018319 0.0 0.0 0.0 0.0 0.0 0.0 0.0 0.0 0.0 0.0 0.0 0.0 0.0 0.0 0.0 0.0 0.0 0.0 0.0 0.0 0.0 0.0 0.0 0.0 0.0 0.0 0.0 0.0 0.0 0.0 
22.2233346728703 4.5554869037859795 -6.9011249038996185 6.761469043305624 -3.6580742238521013 -2.8279773732561484 -17.750553177798313 1.015984890943317 7.566859913371838 -8.35005311711933 -18.550131021250056 2.5032985854652123 13.000802553001154 1.5174643982766969 13.954891315720852 -12.419652240904593 -5.028985754656552 4.672048627319706 -0.7485149318170408 -3.5741541781808115 37.33558558476765 0.0 0.0 0.0 0.0 0.0 0.0 0.0 0.0 0.0 0.0 0.0 0.0 0.0 0.0 0.0 0.0 0.0 0.0 0.0 0.0 0.0 0.0 0.0 0.0 0.0 0.0 0.0 0.0 0.0 
-4.926399048791867 18.87345944987725 -20.74947755855927 13.051713751113462 10.283724200890466 -3.5740864856544965 -9.05544430496927 11.588065389400743 -0.6371867894795571 8.190666027259857 5.665628154393326 13.216788957137608 -13.898923951752561 -2.253446575543879 -10.25364844503207 3.8711607466053137 -11.673556360820493 12.839562845241154 11.139189826216523 -5.004817998206446 -4.377884715092519 36.70379478900635 0.0 0.0 0.0 0.0 0.0 0.0 0.0 0.0 0.0 0.0 0.0 0.0 0.0 0.0 0.0 0.0 0.0 0.0 0.0 0.0 0.0 0.0 0.0 0.0 0.0 0.0 0.0 0.0 
-13.933830087556283 0.9570433196675445 -0.4237071947296959 4.666511407547743 10.710189316799188 0.501203281020481 -1.8009369373077266 14.499206579709202 0.9486726786110478 -6.665708239884169 -7.717147615647428 -2.452963422308686 -4.940840305277505 9.334852967509718 10.52017030340043 -4.100627931058959 -11.287306769523008 3.8669239175801864 4.175847113922171 -3.094701765066092 -0.5169590969775206 10.328443356020998 38.36234849517639 0.0 0.0 0.0 0.0 0.0 0.0 0.0 0.0 0.0 0.0 0.0 0.0 0.0 0.0 0.0 0.0 0.0 0.0 0.0 0.0 0.0 0.0 0.0 0.0 0.0 0.0 0.0 
-13.86884717671892 16.164318455747203 -18.16723472103689 10.86561123070369 3.1666514103952936 0.16910321447584542 -18.260791581492185 8.03323660674679 2.935235417810912 4.889279553067972 3.0333455820194493 7.486449737243267 9.396222002254325 9.154906352461106 2.9247500942567313 2.3556165755428875 1.141455875350871 14.358045012233768 3.018007657489131 -6.081442080126528 -4.502370220847936 13.787620718515603 6.426134384352459 37.35311405817798 0.0 0.0 0.0 0.0 0.0 0.0 0.0 0.0 0.0 0.0 0.0 0.0 0.0 0.0 0.0 0.0 0.0 0.0 0.0 0.0 0.0 0.0 0.0 0.0 0.0 0.0 
-4.9275772454786715 12.407043148074091 0.6735772087888976 2.478847903189729 9.36298097632893 -8.937642368651165 11.071053544080684 -2.4199930877312106 -5.674582091436074 6.242879793903245 2.1880304011602263 -5.66959913578981 -29.971117157352598 6.356865891398715 -16.180206560026548 2.6977497895020646 11.990283980769222 5.4398949682396145 5.102500883263656 -4.004533661452915 -16.478684582070137 9.004964718460926 -1.7556068335699475 -4.331225038656424 42.76024534502633 0.0 0.0 0.0 0.0 0.0 0.0 0.0 0.0 0.0 0.0 0.0 0.0 0.0 0.0 0.0 0.0 0.0 0.0 0.0 0.0 0.0 0.0 0.0 0.0 0.0 
12.938894668594765 17.921321469888937 -0.8961332378900141 7.864746511056021 9.398173178608602 -23.213378399893106 2.181942266142543 -9.864206385715217 12.14722499544581 13.049154388392532 -2.8432672150703375 -3.859455083966525 -7.288549409861359 -1.4294763455457544 -7.8105979607521565 -17.331397086186225 -9.50506039127852 3.8467654032613865 1.2308187666097956 -11.910210668668519 -2.015125054638647 6.786518708362645 10.479604100343602 -0.7678864019318598 1.1414812692611982 41.12687388326978 0.0 0.0 0.0 0.0 0.0 0.0 0.0 0.0 0.0 0.0 0.0 0.0 0.0 0.0 0.0 0.0 0.0 0.0 0.0 0.0 0.0 0.0 0.0 0.0 
8.639693384068371 -26.521359015571228 1.6061717943229015 3.1185006509516473 -8.280891088621807 1.091993239558083 -1.0983058143659434 17.882600135590362 12.382656510455828 -2.5147820899572806 -9.573056627631889 0.8923968905774589 -7.793775320259371 5.978385602851946 -3.4674182789786405 9.718998201958431 -8.977334089061788 -10.777898753218738 3.936518372630406 -2.491079198757509 7.871765830408897 2.383842935173088 7.197075507195179 -1.5662177892142843 -5.180357479732833 3.8011369886031456 38.83251015618011 0.0 0.0 0.0 0.0 0.0 0.0 0.0 0.0 0.0 0.0 0.0 0.0 0.0 0.0 0.0 0.0 0.0 0.0 0.0 0.0 0.0 0.0 0.0 
1.2849393909504836 -8.159557570628774 11.795749951422973 -8.332713043735042 2.771506403483875 -3.9894209070555897 2.23612480400794 3.8704200525842545 -3.407473212375826 -7.600439725332861 -10.569087545835778 -4.250535651672459 2.132069140331608 11.468539951966449 15.338961352363894 11.468045466491127 -5.669874762196935 5.707613088428926 -7.9289332590132515 -7.292014950899054 -3.970438106891048 -3.182184010003957 0.9968620791780807 -9.356243819012114 2.8144819378117965 -4.002550205120273 2.3048820393297524 32.352269324899424 0.0 0.0 0.0 0.0 0.0 0.0 0.0 0.0 0.0 0.0 0.0 0.0 0.0 0.0 0.0 0.0 0.0 0.0 0.0 0.0 0.0 0.0 
-19.583842014879618 -17.7555950333211 15.490488538827128 6.426161581461453 9.516173949809586 0.3972647723462388 2.0599595726035904 6.101338950823411 7.811493002573419 16.845336253743504 15.729397770480709 15.844123976549094 -6.146535851320168 -2.4954810650161647 10.011874542825947 8.455729271753167 -1.015439331930299 2.1012424448289333 -4.31895061623637 -0.971821930312676 -3.1630381848453357 8.945800898378527 -1.487091224545312 15.90645536246507 10.741177898862245 4.052073588262614 -6.763304854503888 10.061910658830852 46.58022056955816 0.0 0.0 0.0 0.0 0.0 0.0 0.0 0.0 0.0 0.0 0.0 0.0 0.0 0.0 0.0 0.0 0.0 0.0 0.0 0.0 0.0 
-16.911428041780518 0.7275415409679105 9.317083025516123 -7.510146724379581 13.938346684575876 -21.114035778567033 22.862925730253465 -10.38675366272369 -2.564773303760939 -4.667270654862419 -4.939766608678248 -7.635722601522684 -19.891997735006214 7.4726487747950365 1.6796274801742994 1.2207002152637951 0.5389173720498937 -7.6997569117795 -3.5432094168839994 7.458648838038471 8.369375704717868 -11.934759929324418 -1.7098547571472686 -6.068153218266062 8.833035256102244 1.1435623720690382 5.417016018600448 9.850931735350326 2.6311023583585467 37.28103053690816 0.0 0.0 0.0 0.0 0.0 0.0 0.0 0.0 0.0 0.0 0.0 0.0 0.0 0.0 0.0 0.0 0.0 0.0 0.0 0.0 
14.153849611070589 16.973082625820528 0.2882247227626916 5.180911654613518 -2.8328986438822814 -16.815819976536467 9.359256826996132 -19.347442412001 3.7297272932785557 -2.0452409879558875 2.6270495727143546 2.1688096259365413 -18.558057163015317 -4.206211498953244 -4.120819044152568 -1.0530162438808675 1.2932093235458446 -0.09064642395507849 -3.6615658641185376 -10.638889224369914 -0.04991989402319208 -7.3172405203176 -0.9475743507943396 -11.524372580019744 16.06382500153175 -7.330962556695416 -1.6429720306446414 0.8932854848849916 4.938200240249448 20.111370589518245 41.54734224758306 0.0 0.0 0.0 0.0 0.0 0.0 0.0 0.0 0.0 0.0 0.0 0.0 0.0 0.0 0.0 0.0 0.0 0.0 0.0 
4.074239743763439 9.884123688657239 17.668398807043587 -17.286550808542817 6.378032010841723 -25.42467839222293 4.274000086192075 -4.408289729417407 7.200098531026011 10.989462105084728 0.11297555342582216 2.531558996916374 -2.6304162237914226 -5.047133463333414 0.1855495004107774 -2.5570393457364378 -3.48275324392705 -2.346010754548045 3.418608609938735 -10.656191361379879 8.465406617810395 -13.142085023369857 7.971988887741547 -1.8800110887551498 -5.044353516036892 -5.88040986211154 7.117312838398459 -7.363156542706219 8.085096640329905 10.080524630092649 -0.5287535898706582 47.149444566549704 0.0 0.0 0.0 0.0 0.0 0.0 0.0 0.0 0.0 0.0 0.0 0.0 0.0 0.0 0.0 0.0 0.0 0.0 
-4.567498328472608 22.241053061865042 16.815927902856824 17.890662995772104 8.6563017450729 -21.659901315588076 -1.0502068930195982 -19.45444336024727 15.159990851053099 23.978420042590066 0.8551344456578859 -0.06306453383477056 -15.956121227396592 -6.093824059491733 6.213223501203628 -20.29927605382985 -5.604867408332591 15.17727093781282 -19.017860693448483 -5.952780846481841 7.1966129379483395 -4.025451613583079 9.72805031551455 -5.299423713010291 17.88561872244624 4.53475714252072 -2.130681479407011 19.174552182842305 9.046026030487768 32.48906172517272 13.571437156844013 17.116145507708673 41.84341436638347 0.0 0.0 0.0 0.0 0.0 0.0 0.0 0.0 0.0 0.0 0.0 0.0 0.0 0.0 0.0 0.0 0.0 
7.411619772668103 -18.109160941022754 16.61117301117028 -1.287208295772729 13.156080644539239 -8.847618220171839 -26.169720523664513 11.576632223083074 4.06851972322508 -1.7105279430514364 -17.54431188128938 6.62337574205755 12.557816998948534 3.130858588226414 18.79035377095743 12.35830647201765 -5.780871230528625 2.1518642779195485 -6.406990091743903 -2.018262697307856 -2.6702903628572403 -7.276259093840858 -10.500441029372421 -8.7832396315073 -4.095690398346656 11.135237000044027 12.289503993751495 6.8100023912860905 -6.382399402781648 2.1351100082186223 -0.17253523161021622 2.8532902069184956 -9.119414882152853 39.685537324742214 0.0 0.0 0.0 0.0 0.0 0.0 0.0 0.0 0.0 0.0 0.0 0.0 0.0 0.0 0.0 0.0 
10.275570316618259 -12.70725441333559 7.00539219191324 13.392657053713444 3.9665850327190917 -0.5017002365924069 -14.839431289576124 18.77625403971829 13.771256638274735 3.9265419226850424 9.603862049463954 11.981896165674739 12.09891061989291 -8.448455717013802 1.9752623083822174 0.16976390586199505 -18.372046179249168 8.077163368606888 -6.931421710636438 -22.04615554561067 -2.5410407250154146 8.411845888533946 -2.997489387697592 -3.3768837650297012 -8.531446161061204 14.440898558605504 4.067094723110295 -1.4610854807197033 -4.846194886028262 -3.2396576354389235 2.894804394743362 -11.722621007873633 -1.8839842542647056 2.4165918632147227 27.17185872439139 0.0 0.0 0.0 0.0 0.0 0.0 0.0 0.0 0.0 0.0 0.0 0.0 0.0 0.0 0.0 
5.341309326233373 6.644251903386193 -5.105331065047327 2.060484858412802 -20.55916293801472 -8.555950592071545 4.036150471009843 -14.791916158752704 15.07591165202412 -0.3919562064070076 8.653426111287876 5.465276537525075 2.459596792717707 -7.231086224647934 1.4188993759447104 -18.983833807543565 -0.5896010135027823 19.176600693262557 3.978220801099382 5.168039168712958 -4.759127799580854 6.439487225233274 -4.028352149840753 5.158661141252086 3.754135940782877 11.91160919586287 -6.0295801694614095 -2.8311644763773933 15.75457060875715 3.5768243529727504 5.46613458944248 5.9073965475607775 4.234836478552138 -3.8556639728168896 6.294218022110504 26.75835846465251 0.0 0.0 0.0 0.0 0.0 0.0 0.0 0.0 0.0 0.0 0.0 0.0 0.0 0.0 
-7.998921786869857 -35.39586655381281 -0.27426853809098484 -7.160536998035287 -19.22112750325388 4.45974814637673 -6.608371837991931 16.981087331008066 13.809272588475595 -19.8193848918452 0.4791833514901428 -7.140068984410218 23.008519743851146 -0.77248470976735 4.216728299541889 6.047895159085664 -11.00295154515452 -2.0554823609984636 -7.621023215690802 -7.012408497203587 -10.386203515087924 8.004790601120478 -8.758635810961183 -3.555577035863495 -13.21413224788703 10.800927669977082 2.512289575626308 -5.388796916816113 -16.04176532020904 -24.804829644481863 -0.5280940548815474 -22.873320784641525 -11.909319913837047 4.47863482289865 5.256090286112762 5.513602784104951 26.041212281902393 0.0 0.0 0.0 0.0 0.0 0.0 0.0 0.0 0.0 0.0 0.0 0.0 0.0 
7.2279758649411034 4.35855965913673 3.7998479020782736 2.2288665680421103 -3.652721378570945 -12.202256488155278 -10.423785995304156 -1.500053666625708 1.8635481921138968 7.594042981236762 7.413475334448111 -2.135057930700093 -17.430364272295225 0.46797048877474073 -17.981663696181695 -7.652542181363508 -5.892315063178247 4.298866102418106 0.9054431233176518 -2.9217621501704576 -8.874790826530344 -4.046369629393166 8.56783506673998 -7.669401268431147 5.405272758111567 3.3967360958597466 8.362773544656395 -9.279576705908378 -4.374775885845604 2.046039124673836 -2.025548883877449 8.585490171918613 8.027485905721496 0.12423641029052811 9.457643796646728 5.8808004488962995 2.2291886846934927 25.348864042515835 0.0 0.0 0.0 0.0 0.0 0.0 0.0 0.0 0.0 0.0 0.0 0.0 
10.300018412088903 5.9182517148193625 12.518523002968928 -4.639001832774947 2.972178501925402 -12.360818129667367 -3.9789516848956583 -11.847862685672863 -0.3992599050031889 -2.1271973672702016 2.6163044779861715 -2.3964208768917956 -0.2983990992994585 -6.170187453534233 -3.357515400574323 -10.16630397538375 0.5378714356738502 3.4714350860549645 -4.214197139168619 6.506456232893194 -8.417740822431277 -6.815190796251317 -9.514785838315312 -13.054786855410269 5.806231147019119 3.8636171497646643 -2.9464413942622665 -9.848181928594327 -6.664035952889467 2.0385647472905406 10.699729560419312 -5.501959425061096 1.880478649440862 -5.307721418758202 0.4876608734964626 0.7043488829253391 -7.356839398393501 2.9445406256825506 30.088969915234905 0.0 0.0 0.0 0.0 0.0 0.0 0.0 0.0 0.0 0.0 0.0 
-15.590377203884133 8.07658880993996 -35.40971796699103 9.316309639829672 -6.8820760899776845 -2.414828664815227 12.177785795893586 -1.2037154315238103 0.5850164860239347 5.6750419915814945 11.558468918294608 -5.855604447022695 -3.487487409677584 1.318712100418628 -7.435152690304 -3.187089213787864 5.703290360994113 -4.349727963873546 -3.4959966341330033 2.3408165894515633 7.026997221790179 11.209278089372091 0.08659431314533647 12.29744939980741 3.442715193158929 1.812113138925583 -0.01639541797042633 -5.062824835143874 14.050259840269526 -6.359858275402222 -3.137466031096468 -13.402474389727717 5.594405496856131 -2.1059359060956986 -0.8035237509027927 3.250083638424275 6.402271325628691 2.4016587475455626 -2.973712067595662 28.734793161650675 0.0 0.0 0.0 0.0 0.0 0.0 0.0 0.0 0.0 0.0 
5.258425544104445 15.09476155118981 3.770755164338493 13.193314495867002 4.5092217260465635 12.380430792720977 -21.435697991035543 14.174867949319179 8.883310433372335 11.721228918620286 13.14282026904504 17.01994773417448 22.554305878423396 -5.841505402191873 -4.865819209507137 5.061507996954141 -13.049301616459585 10.985597032792352 -0.14303722212036216 -8.02572540216109 -9.145890085741001 18.9113669091263 -3.627651336174609 17.381437021927898 -9.137496408727596 7.401079186563536 -0.3769581050909222 5.134103679378139 -4.125927495994364 -13.260263512069178 -10.085685640231803 -5.976833797429976 -5.377815946109638 8.95651591268643 0.20637385184309395 5.385848960170575 3.298632620488367 0.9462611699482099 -3.2844039834423433 -5.361642990717358 23.862345396846887 0.0 0.0 0.0 0.0 0.0 0.0 0.0 0.0 0.0 
-5.827633882835939 -9.736978944752268 11.614302482120397 -3.349808485540244 0.5681716971967627 0.02743608974031066 0.7256815953731982 1.6231422811145517 -6.274579369023756 -0.1923871157801262 -14.38353037668801 -8.313173895084288 20.215528608700563 4.8820991860610805 11.871794944553077 9.406643118713873 3.5162508920061404 -0.24439552571796808 -10.075809421053025 -0.0569795357998615 -0.5681001705891647 0.11082198255818375 -8.21681200160582 3.0892657172822844 4.494062794224283 -4.44589894529316 3.978591736985828 3.56370316310401 -0.5830104687387814 13.780746526712697 -1.1768517986597467 5.7826948019720925 4.394005109453924 6.199223443148775 5.419890557809174 8.394476576060036 -0.45039037717688185 4.706358023889268 -0.9987282460695461 3.174794284677369 2.3847422708995927 23.613334071444616 0.0 0.0 0.0 0.0 0.0 0.0 0.0 0.0 
-18.30299446626369 -9.140628443097762 7.284920790224362 2.1953475439680474 -17.196810917612922 18.59594609779286 18.747654475769135 -10.292076224057395 -8.735069322547194 -0.16023866675439188 16.86087784105906 19.99331690409653 12.75290814029458 -1.7580420863002102 5.68664884282423 3.3301442748992836 -1.707053808986007 -6.158718394145879 2.9987144554468452 -7.116291244571654 5.288695952736346 12.456904590360649 -4.374406673661862 1.787743270626315 -3.67751765067704 -8.333377631076965 -0.506782429971582 1.9163419273002011 14.262692134810626 1.7774050164136639 2.017049028354604 2.8073836394981777 14.042169517782785 -0.5454496948585198 3.913286636497245 -6.985113998999326 -2.754581771895887 -0.7703863103855914 -2.881618795300445 2.1854598542476356 -0.043982913306352 -3.0218270345759155 28.735898355297532 0.0 0.0 0.0 0.0 0.0 0.0 0.0 
-42.643616901012905 -8.134412725682575 -19.330316938760692 -2.52609702573883 0.7072961089149045 20.534818853424838 -15.032415006662648 9.545751705059295 -3.916757381201971 4.638659224851764 4.635247847641712 20.387732167117587 21.10909138509661 -9.49866081959191 6.173066579608331 -0.17432643915096357 -11.299549503381265 8.553977128580742 -11.518665092244213 -10.40566113231532 -2.9692973943389047 14.565388554358922 6.447394175726902 14.709145330526018 -14.053806466117363 -4.945341906914371 -2.155793241346016 -3.624023677054058 0.560434241154369 -2.10484459318376 2.142098461892708 -9.666025293971094 17.081260794500373 -8.557613590295905 -0.8648848960619056 0.6350324422633812 0.8194314402386337 0.8565978853108289 6.820229165231372 6.714235627465111 -0.45978010190354107 -7.057175509431041 -1.0741408809762074 28.77402022658692 0.0 0.0 0.0 0.0 0.0 0.0 
13.501116771579944 9.088467446162673 -24.789900390255998 6.299786886967254 0.3376446621518284 -20.87412005309586 1.667417457322805 2.660807711745083 10.4722516034637 21.075996607928566 -0.7074653094681805 -14.149494852836353 -13.016606000328883 5.09154261180375 -0.20733141998778876 5.342326905308116 -2.333931172860596 2.6695736757127912 1.2554744452049909 -6.84065709671957 0.222190174081703 -0.3144005563105718 14.741677833013872 6.625592979043309 18.318502132868595 -19.684691029592166 13.09871732122509 -4.0484201394718635 15.75612273583546 8.109309558295045 7.3555232575338785 16.39309947651215 7.911006915713434 1.5069186613378103 -5.317861277074171 4.909831032581212 -5.5769965289575145 -1.98508038123786 -1.8841747637614286 7.672379630360584 -1.0599106293394804 -6.901577094796801 -1.6546006550605978 -3.1030027514917617 35.67818536943569 0.0 0.0 0.0 0.0 0.0 
-11.615892516033105 3.906304759583475 6.595857072303799 7.18437209780076 7.309715540297962 13.415110725389772 2.8528495096904747 -8.680204162957786 -19.59895690120601 -13.246120054396595 -5.950256215160593 3.728100151283871 -7.589035596150995 11.042163764304842 -15.114959648474095 9.357147048192086 -6.665970095503607 -8.07466894065177 7.540079062639596 2.182136812782241 -15.61775678360626 0.5146923452381685 -6.287258426998243 -2.2073906241693115 5.08885326067952 9.011726828164871 -0.5682325771134495 -9.046578270242568 -9.579854345156349 -2.6053096699328524 -0.8276443629204734 3.5909219642700854 -7.111530243401656 12.107328376841656 1.6231584522686653 -3.1268386746781553 1.15794120518148 3.1904952133568427 3.0678064795759883 -4.204540807578067 3.7507693736999728 1.1438310252470787 7.1754254555338814 -9.227396024262225 -3.4458214619197745 25.627988249555763 0.0 0.0 0.0 0.0 
-3.9654111175803592 6.906130822192019 3.8919795009593523 -4.625110587436874 12.52230705330948 -23.79837045711173 10.237410854064885 1.387767249919489 7.842946960642053 -4.120780530716173 -4.267868662471126 -6.80114203412942 -10.455409512424007 -0.8037333783936605 5.756876922889916 -1.0095253112317637 -7.981415220279347 8.384693642535911 -9.936225259023484 -15.247005351277167 -13.610939408279739 3.6615028208239013 -2.2100309487849805 0.4253222254670215 18.263936916351724 15.760513647880114 -1.059311465860977 -2.7864276234567282 0.7963421620939772 -4.342601382322913 6.86903738699649 -5.641702373496552 -3.5424336478368033 -7.772852508629081 6.854925720971235 2.525860984994726 -10.58357457250097 -0.41681083685445164 10.33283209067235 -5.433506208863396 1.453810025741546 -1.1689299545103427 -4.591993894830584 0.02893861201719705 4.912252766437721 -3.4585708349750135 23.129554938862892 0.0 0.0 0.0 
16.48655213729231 3.0619795726637067 6.375690547615251 -8.254956027065962 1.4346667190359463 4.53721434995704 14.50869243807892 1.1262333645665368 -13.468838331194794 -15.514100261426632 -3.7967501217294704 13.536645413860944 1.1650114081959162 -6.03274671746412 6.637309120053648 -2.182330526397458 -10.545451746027814 -3.612791692639811 12.091389905365928 -13.396352542049888 6.569625612271019 -0.2105654813392913 0.29990067253533637 -16.631257911370522 -8.186887058827168 0.34309082270305485 3.4824542757004093 13.489775277025885 -6.784299895610825 4.541209501244168 3.4296404532418547 0.6632998395754979 2.5457909244822097 -4.965773295335299 9.28337165502176 -3.1988465478420145 -8.579652378538675 -6.07639990514346 0.642266336664134 -2.6940754388348744 11.336764459794793 -8.096938403318227 6.681151543174582 2.5808621801618106 4.175247904942592 -0.967970866481178 6.192739555802026 31.680563622646297 0.0 0.0 
-12.96030109498736 -9.64725370295348 1.6307985964074108 -7.003777567551488 1.4292077148989677 -8.573136318329528 13.350403739254872 -23.183543894210825 -2.7868846983467477 3.9141504904456372 1.9334346960210385 3.530134368128616 -3.312323346697331 1.465984243463838 -8.34606731319196 -4.317066546877283 0.32743810293873515 -5.127389615487338 -2.0339502662948705 -0.9403381743510234 1.4499109912675079 -7.334764452055486 -9.279126164101195 -1.5535053681340907 8.209867488449731 -10.44126155594978 5.179942190046647 6.473690508317627 4.659866506253979 6.719742697957963 2.6669047733256335 4.234186669115463 -1.5907088894593961 -6.9060123120906 3.8592602773555806 2.410735012017373 1.096398991440036 -2.688035005715158 2.678538062754711 -2.9908723511136315 -2.2565371478580944 -1.2491011596173769 3.963407425052437 0.4974271379051995 1.7389600355140136 -3.5502463849374286 -4.210318882424 -0.0943087576089806 23.424338134376114 0.0 
18.059256886131827 -10.166956802939373 13.649233179703744 -7.646973711141374 1.3540515264064492 -2.91874610321098 -9.664586449580295 -11.295559537938576 8.42269666907635 -7.658673367909889 -6.353993233998421 0.29927282653733606 2.831540780466116 -2.7960079055813707 -6.834038737813432 1.820581069752174 -4.298219963754589 4.567436460085583 -4.809062033171337 -9.08885374616543 -4.3336599106226625 -2.8887471677145804 3.756822188427178 2.584005207552888 -3.166910935298586 3.3198048625408947 4.174682379452046 -5.368627197261128 -0.19255210440294407 0.9083929559570965 4.897956929259815 0.1646011926005111 -0.6581084478749464 -6.806872670701254 1.641323056852013 -3.9521446681020063 1.0520394885755147 5.731963815657714 6.427500442082102 -4.52939834761797 1.3834188889233785 3.7031916736228503 -4.301667561839551 -1.4637142026227772 2.114312332008635 -2.280440669323033 2.799958395675021 0.7471365902109002 -2.8964731494697147 22.236188312100342 
