-0.17790425231377144 0.3442411543607379 -0.13152492549089068 0.2827490094982308 0.03659184526707784 -0.02503383001100146 -0.669731531347043 0.18231573595598996 -0.3152962132974477 -0.2832583807374884 -0.020522687859852635 0.21255943324789134 -0.3744954391063871 -0.24035978064817684 0.23340528435184904 -0.14606402858907153 0.06675462821351902 -0.19017669748527893 -0.4358437326924785 0.1499519340867701 -0.042581914997875565 0.14894380719848843 -0.09666999602353579 -0.022814543811702316 0.04207023393151279 -1.1255000833966202 0.23822397010739108 -0.24478312028281018 -0.4413102492638635 -0.17502962741935482 1.4449690950402472 -0.07401897340733299 -0.004627657616818404 -0.17828350177764135 0.05389113756234751 -0.2899888608047767 -0.007375486170964163 0.20845743340736453 0.21135001783568483 -0.08897874329833022 -0.02954260031989931 0.39326097516091235 0.08173322443189507 -0.5456721090726844 0.008033298613630025 0.2905947806069062 -0.37388875114870274 -0.35833910792935514 -0.003140939805556714 0.2699209265519915 
170.07246761049106 0.0 0.0 0.0 0.0 0.0 0.0 0.0 0.0 0.0 0.0 0.0 0.0 0.0 0.0 0.0 0.0 0.0 0.0 0.0 0.0 0.0 0.0 0.0 0.0 0.0 0.0 0.0 0.0 0.0 0.0 0.0 0.0 0.0 0.0 0.0 0.0 0.0 0.0 0.0 0.0 0.0 0.0 0.0 0.0 0.0 0.0 0.0 0.0 0.0 
7.954004302062799 160.08081355732367 0.0 0.0 0.0 0.0 0.0 0.0 0.0 0.0 0.0 0.0 0.0 0.0 0.0 0.0 0.0 0.0 0.0 0.0 0.0 0.0 0.0 0.0 0.0 0.0 0.0 0.0 0.0 0.0 0.0 0.0 0.0 0.0 0.0 0.0 0.0 0.0 0.0 0.0 0.0 0.0 0.0 0.0 0.0 0.0 0.0 0.0 0.0 0.0 
-38.38543721843545 12.300051109408734 126.75447175330943 0.0 0.0 0.0 0.0 0.0 0.0 0.0 0.0 0.0 0.0 0.0 0.0 0.0 0.0 0.0 0.0 0.0 0.0 0.0 0.0 0.0 0.0 0.0 0.0 0.0 0.0 0.0 0.0 0.0 0.0 0.0 0.0 0.0 0.0 0.0 0.0 0.0 0.0 0.0 0.0 0.0 0.0 0.0 0.0 0.0 0.0 0.0 
-17.482797826025156 -43.93891910026794 36.51421630381872 169.22819341026695 0.0 0.0 0.0 0.0 0.0 0.0 0.0 0.0 0.0 0.0 0.0 0.0 0.0 0.0 0.0 0.0 0.0 0.0 0.0 0.0 0.0 0.0 0.0 0.0 0.0 0.0 0.0 0.0 0.0 0.0 0.0 0.0 0.0 0.0 0.0 0.0 0.0 0.0 0.0 0.0 0.0 0.0 0.0 0.0 0.0 0.0 
-3.8436822499321783 -4.087013218120476 18.893246364255287 -26.146254963327646 127.03504939417152 0.0 0.0 0.0 0.0 0.0 0.0 0.0 0.0 0.0 0.0 0.0 0.0 0.0 0.0 0.0 0.0 0.0 0.0 0.0 0.0 0.0 0.0 0.0 0.0 0.0 0.0 0.0 0.0 0.0 0.0 0.0 0.0 0.0 0.0 0.0 0.0 0.0 0.0 0.0 0.0 0.0 0.0 0.0 0.0 0.0 
-55.846126341354754 15.436033627677011 13.639815979378916 -93.45043203050996 26.942455686295123 161.63089060990657 0.0 0.0 0.0 0.0 0.0 0.0 0.0 0.0 0.0 0.0 0.0 0.0 0.0 0.0 0.0 0.0 0.0 0.0 0.0 0.0 0.0 0.0 0.0 0.0 0.0 0.0 0.0 0.0 0.0 0.0 0.0 0.0 0.0 0.0 0.0 0.0 0.0 0.0 0.0 0.0 0.0 0.0 0.0 0.0 
62.07564839524429 -41.26507580778119 16.907934696767448 41.16312086107399 3.3613834452214446 -15.372790521675467 177.2373403081054 0.0 0.0 0.0 0.0 0.0 0.0 0.0 0.0 0.0 0.0 0.0 0.0 0.0 0.0 0.0 0.0 0.0 0.0 0.0 0.0 0.0 0.0 0.0 0.0 0.0 0.0 0.0 0.0 0.0 0.0 0.0 0.0 0.0 0.0 0.0 0.0 0.0 0.0 0.0 0.0 0.0 0.0 0.0 
2.7352241962831703 22.560338521059588 -4.00305222595054 14.792811934433411 -30.21210018930592 9.99645475246938 28.82456014294222 118.76099063270848 0.0 0.0 0.0 0.0 0.0 0.0 0.0 0.0 0.0 0.0 0.0 0.0 0.0 0.0 0.0 0.0 0.0 0.0 0.0 0.0 0.0 0.0 0.0 0.0 0.0 0.0 0.0 0.0 0.0 0.0 0.0 0.0 0.0 0.0 0.0 0.0 0.0 0.0 0.0 0.0 0.0 0.0 
-51.51538675577977 -31.220741394944643 -21.321769935375826 32.243713247199 -3.5557325082185285 14.443161131913257 -21.627817845143486 -34.817093511056 152.8927199504356 0.0 0.0 0.0 0.0 0.0 0.0 0.0 0.0 0.0 0.0 0.0 0.0 0.0 0.0 0.0 0.0 0.0 0.0 0.0 0.0 0.0 0.0 0.0 0.0 0.0 0.0 0.0 0.0 0.0 0.0 0.0 0.0 0.0 0.0 0.0 0.0 0.0 0.0 0.0 0.0 0.0 
45.777642577525874 -8.10833691946697 14.36235856199616 64.33545340845417 -15.363653586725817 -66.04962505071667 -13.96233771871672 4.811472355334703 -25.552109778262245 115.96953264282408 0.0 0.0 0.0 0.0 0.0 0.0 0.0 0.0 0.0 0.0 0.0 0.0 0.0 0.0 0.0 0.0 0.0 0.0 0.0 0.0 0.0 0.0 0.0 0.0 0.0 0.0 0.0 0.0 0.0 0.0 0.0 0.0 0.0 0.0 0.0 0.0 0.0 0.0 0.0 0.0 
44.51709657617534 -41.50477346634165 -32.8861848401092 29.284292514114036 17.229188635330313 -20.055223361962398 63.14957239326936 38.35458520457476 -29.413182079956826 38.538747040325475 148.91170297607124 0.0 0.0 0.0 0.0 0.0 0.0 0.0 0.0 0.0 0.0 0.0 0.0 0.0 0.0 0.0 0.0 0.0 0.0 0.0 0.0 0.0 0.0 0.0 0.0 0.0 0.0 0.0 0.0 0.0 0.0 0.0 0.0 0.0 0.0 0.0 0.0 0.0 0.0 0.0 
-16.48262392144204 29.626298990344793 -15.630858545674075 -38.92101316692472 79.17854318021968 7.690867319651534 -31.88826904738296 -25.76978120510624 -11.959942985546148 0.9707874793199401 -38.10211096139303 162.496333154286 0.0 0.0 0.0 0.0 0.0 0.0 0.0 0.0 0.0 0.0 0.0 0.0 0.0 0.0 0.0 0.0 0.0 0.0 0.0 0.0 0.0 0.0 0.0 0.0 0.0 0.0 0.0 0.0 0.0 0.0 0.0 0.0 0.0 0.0 0.0 0.0 0.0 0.0 
2.9458720719452534 -29.313761663551055 -39.32726183833761 58.687595936822355 -44.61498113334744 -6.57591220805813 27.505067654183453 -12.083519348651906 21.80507118956285 -30.50905061712511 21.84109489285993 -55.69419360374961 160.27783506836406 0.0 0.0 0.0 0.0 0.0 0.0 0.0 0.0 0.0 0.0 0.0 0.0 0.0 0.0 0.0 0.0 0.0 0.0 0.0 0.0 0.0 0.0 0.0 0.0 0.0 0.0 0.0 0.0 0.0 0.0 0.0 0.0 0.0 0.0 0.0 0.0 0.0 
4.331256679273039 0.8229281484233516 45.02904504148288 29.16810049403298 22.52730071291153 1.666800647851253 12.859021904879235 14.648049087263276 -48.27944585716532 15.01592419583175 50.626434358567515 -14.746896170957765 33.28129738451236 133.81457831554 0.0 0.0 0.0 0.0 0.0 0.0 0.0 0.0 0.0 0.0 0.0 0.0 0.0 0.0 0.0 0.0 0.0 0.0 0.0 0.0 0.0 0.0 0.0 0.0 0.0 0.0 0.0 0.0 0.0 0.0 0.0 0.0 0.0 0.0 0.0 0.0 
26.73849632216512 -15.088232154242604 20.853010074671836 14.391144340389403 38.394304072967685 10.442219503379475 2.586303741231312 4.097363500138315 -28.6311617582792 36.38695697402051 29.504663584828872 11.376757745380873 -45.95597599493789 13.306676215530851 105.60336523308746 0.0 0.0 0.0 0.0 0.0 0.0 0.0 0.0 0.0 0.0 0.0 0.0 0.0 0.0 0.0 0.0 0.0 0.0 0.0 0.0 0.0 0.0 0.0 0.0 0.0 0.0 0.0 0.0 0.0 0.0 0.0 0.0 0.0 0.0 0.0 
-44.689193484678235 -1.838501496241809 9.895514089508023 -22.387125991766492 16.19684649129693 30.715347337175242 63.57614300162228 -39.246405877506035 46.043507120368254 -34.448425843213364 14.594748495207284 -8.772845496610449 -9.527629126019725 -5.851105139391215 -1.0831892703512118 125.65190762679437 0.0 0.0 0.0 0.0 0.0 0.0 0.0 0.0 0.0 0.0 0.0 0.0 0.0 0.0 0.0 0.0 0.0 0.0 0.0 0.0 0.0 0.0 0.0 0.0 0.0 0.0 0.0 0.0 0.0 0.0 0.0 0.0 0.0 0.0 
-41.253826044755066 -12.272903600659003 -6.33963311336658 -63.7758983434267 5.170309017303019 31.4327566994525 -11.142425881453908 9.033084349153189 22.901033821995927 21.206354990950985 -0.3015820409817044 40.74574533177556 -51.93705527303356 -0.8528990591597413 7.497034705392121 31.913817385239412 113.55125888433845 0.0 0.0 0.0 0.0 0.0 0.0 0.0 0.0 0.0 0.0 0.0 0.0 0.0 0.0 0.0 0.0 0.0 0.0 0.0 0.0 0.0 0.0 0.0 0.0 0.0 0.0 0.0 0.0 0.0 0.0 0.0 0.0 0.0 
-4.890148871810807 -33.70312981848505 -2.847217283670308 27.782705131222393 -33.592756602368524 -8.144503094895933 28.024012856390677 -24.43491787605937 -4.973566583562847 -22.996465147342203 5.529525770647831 -33.87704851441955 42.6766884342393 -3.924440102233557 -25.503163487093577 1.3900840194749284 -8.845351139387262 112.74241316703262 0.0 0.0 0.0 0.0 0.0 0.0 0.0 0.0 0.0 0.0 0.0 0.0 0.0 0.0 0.0 0.0 0.0 0.0 0.0 0.0 0.0 0.0 0.0 0.0 0.0 0.0 0.0 0.0 0.0 0.0 0.0 0.0 
21.705953945277585 -5.4935372230068 58.10982465595201 44.73078265860427 3.601789082008489 12.54242841702032 67.42145655488052 -24.961323942112816 -10.506688205143142 9.83101434938043 -24.96900899876185 0.422868188114416 25.663879769011565 -4.466698411092655 30.10610993974333 -34.59102711385271 -23.87472948218515 -17.627287023728726 121.2546544801246 0.0 0.0 0.0 0.0 0.0 0.0 0.0 0.0 0.0 0.0 0.0 0.0 0.0 0.0 0.0 0.0 0.0 0.0 0.0 0.0 0.0 0.0 0.0 0.0 0.0 0.0 0.0 0.0 0.0 0.0 0.0 
17.57681294760895 -7.514613559633251 -4.018375489943782 18.77488863779885 -10.562476581519064 -23.383999400202406 58.22375876359491 3.25309059568087 19.952568229521965 -5.303004139038074 19.50620473382688 -38.86378694652294 22.473645588441542 6.363336011759091 -23.37983927414643 38.56248837597953 12.689538351168657 2.2425812023350526 -11.21110989279337 101.09414240232212 0.0 0.0 0.0 0.0 0.0 0.0 0.0 0.0 0.0 0.0 0.0 0.0 0.0 0.0 0.0 0.0 0.0 0.0 0.0 0.0 0.0 0.0 0.0 0.0 0.0 0.0 0.0 0.0 0.0 0.0 
-18.12780420890987 9.783378089544737 -25.26379382933515 -33.159281125884014 22.454137124883278 10.319557090131198 76.23324126936218 -52.73596037831893 29.07502639094834 -50.104792061758104 17.703632725579418 -36.27081197311677 28.280512946295023 26.339861402104177 -23.59614068308194 78.88496859036145 -10.057363149980873 44.87127049546014 -39.93679534706099 -19.557492654106802 119.0847273359226 0.0 0.0 0.0 0.0 0.0 0.0 0.0 0.0 0.0 0.0 0.0 0.0 0.0 0.0 0.0 0.0 0.0 0.0 0.0 0.0 0.0 0.0 0.0 0.0 0.0 0.0 0.0 0.0 0.0 
-26.795968972038935 5.725136454322777 -24.036123524053288 -13.890475910403909 29.09617796315787 5.738638165102556 -36.00127869236273 -31.134175802246812 34.564772007363636 18.41602104058284 -39.70845461591327 39.18571599472443 -43.951660236444205 22.33242961624496 -0.38447428468082323 24.69280472640608 -15.416070922768563 9.450537768606425 28.218163900844594 -22.171945087753848 -9.51511339434443 106.45111526689449 0.0 0.0 0.0 0.0 0.0 0.0 0.0 0.0 0.0 0.0 0.0 0.0 0.0 0.0 0.0 0.0 0.0 0.0 0.0 0.0 0.0 0.0 0.0 0.0 0.0 0.0 0.0 0.0 
-33.788215568634776 -5.653598934722429 7.898116401484025 16.95570492566286 2.7927028397465192 8.792682585227825 21.922130689489304 -9.865918840340946 39.91561935799777 7.941548366884623 -40.273220641772326 40.36895075593035 0.8621273555213961 -1.9324100961343271 -11.974671047009975 -3.297038288220223 12.985394421219326 -1.7306025286088773 27.250742907764717 11.592316652391018 -7.459643657153364 10.780240316307063 81.80063766283489 0.0 0.0 0.0 0.0 0.0 0.0 0.0 0.0 0.0 0.0 0.0 0.0 0.0 0.0 0.0 0.0 0.0 0.0 0.0 0.0 0.0 0.0 0.0 0.0 0.0 0.0 0.0 
18.567815340324408 -23.936845228422715 -53.626104905439675 -27.84648147933034 -29.451347910606856 16.972209310427004 -16.581062845799952 34.431822177493 8.109247545366566 15.729193681506523 34.17240710317099 -50.30516584028309 -36.18322419972857 -2.6779795899767507 10.67509845467208 8.926958513609552 18.156810400620433 9.306630717900811 -9.204174841882445 18.724693657958362 1.2783295805418617 7.198481828655712 -2.771135790891808 96.81452418177948 0.0 0.0 0.0 0.0 0.0 0.0 0.0 0.0 0.0 0.0 0.0 0.0 0.0 0.0 0.0 0.0 0.0 0.0 0.0 0.0 0.0 0.0 0.0 0.0 0.0 0.0 
-19.007470724840232 -23.734572082875914 26.597608337824244 14.18095209092286 35.11784117162783 45.08003128368959 66.49646614249833 -28.568057662492624 3.501961972550061 -22.741552552169356 0.3106600159937204 52.143385403329575 26.90602473894909 3.5466275489588 18.58424626114979 2.0520383403939664 1.1628686393204564 5.878987441656606 10.398403043372898 2.739890444493169 4.22733388525121 21.909426074720308 -6.3716323247786395 -8.349591246557198 108.01156644414779 0.0 0.0 0.0 0.0 0.0 0.0 0.0 0.0 0.0 0.0 0.0 0.0 0.0 0.0 0.0 0.0 0.0 0.0 0.0 0.0 0.0 0.0 0.0 0.0 0.0 
9.68991563305335 -24.56980369915169 -38.04391233367953 7.186675038645951 2.920876854103466 0.39638682157673466 -32.79027175519044 6.914748534693743 -14.406229514868514 49.352628492920225 -15.443643844876604 42.211650741631985 -55.01784288263678 -18.952845257340968 -9.052449595694124 -9.951390202604678 30.95985191030094 -13.247442393865661 18.301590130199 20.09018229003052 -22.879644064688897 34.03486984220402 -8.215834208891055 36.38551652511792 -1.1552223995409683 123.36698776478404 0.0 0.0 0.0 0.0 0.0 0.0 0.0 0.0 0.0 0.0 0.0 0.0 0.0 0.0 0.0 0.0 0.0 0.0 0.0 0.0 0.0 0.0 0.0 0.0 
1.7987263471081079 -25.72647216517586 34.81895033023752 33.48123830012832 12.412598320957585 -20.691527991354885 -12.295320443041254 3.6485048475338413 4.643735912209944 27.829239777390733 -9.17750088241534 19.68662577099857 -28.17161454110447 -10.169888566162223 -0.9782683960257635 20.946646313062637 20.946016271186185 -28.680500908822218 -8.731353124081812 23.849391494472805 -25.846470945023572 5.845736213092066 -12.567697295966598 -5.3970022522560495 10.883098224157587 -2.982090111726737 120.37066425830491 0.0 0.0 0.0 0.0 0.0 0.0 0.0 0.0 0.0 0.0 0.0 0.0 0.0 0.0 0.0 0.0 0.0 0.0 0.0 0.0 0.0 0.0 0.0 
29.28122953611654 21.10390254217721 4.220429674963536 9.974916222357345 -42.6467991129507 -6.715452179044196 -12.022042677052623 2.8299196681866787 -8.295089846652427 22.864888157154606 -13.18373049733515 -32.086441385722864 -12.875923512620592 13.637424277878358 -6.209586159326003 15.359105014726625 0.24568087826466622 12.227209687041585 21.8070966360834 -5.380562438136107 -27.969562699767582 -9.322371965989976 22.527202406923763 -3.438501585934512 -13.805850189651327 15.934032722199312 30.321880139528215 70.89744044146434 0.0 0.0 0.0 0.0 0.0 0.0 0.0 0.0 0.0 0.0 0.0 0.0 0.0 0.0 0.0 0.0 0.0 0.0 0.0 0.0 0.0 0.0 
-39.70792201424602 33.387363830247914 14.321409629406324 16.77849652868383 -15.182972467277603 5.592575095397374 -53.233209430828026 47.5442886198255 9.088025196416655 25.787304139782627 -11.096155193874926 -28.31504159653347 5.525276186813227 3.053335539071114 5.3209329241107906 -5.248836026538034 -6.880783960396494 4.241109195384854 -11.176889359626275 12.785855808305659 -11.240684841125747 -15.800863820427251 8.65002912018241 -11.775653224605344 -25.26088500518115 16.851486001361113 -11.429801921170613 26.53947679399059 100.01394956466055 0.0 0.0 0.0 0.0 0.0 0.0 0.0 0.0 0.0 0.0 0.0 0.0 0.0 0.0 0.0 0.0 0.0 0.0 0.0 0.0 0.0 
37.004341309396736 -24.946168679547938 -20.726466715602513 -59.09258947291452 20.259379009437826 -6.484327044918568 41.10457527151007 -3.888327168773241 7.714712811922412 -36.01973838703582 36.18303177109361 40.07284584921576 -5.4887887391518335 13.279710302859085 21.43800841586061 12.428388404973031 21.866241022166726 -9.085104155276948 11.07569922520524 -50.32352469482139 11.566284862511553 31.327449589423303 9.9148651731496 -2.07824330582844 -8.265264394548389 -32.07694247887 1.756670901306373 -34.77085955468607 4.1643891991498325 90.71196976203647 0.0 0.0 0.0 0.0 0.0 0.0 0.0 0.0 0.0 0.0 0.0 0.0 0.0 0.0 0.0 0.0 0.0 0.0 0.0 0.0 
18.982397705642967 -25.735763190328978 -29.236749989921684 75.74312120267481 1.3304961959281543 -61.36870391686784 16.92441908642525 0.44640924318419595 17.87017440966739 -27.18326552939105 83.21600113105788 -44.30677242822962 39.60602905836121 23.312272370366188 11.874814360063784 14.574579187042072 5.063450642565188 10.249112939740598 -20.52190085428819 -23.296895573910284 50.50965381242161 -11.415373897340244 -0.5081413793339592 -21.78827915737096 35.509604633452575 -141.84355944585127 4.443889094533442 -18.088974022396517 14.64776520937716 19.26250277738041 134.4823786574472 0.0 0.0 0.0 0.0 0.0 0.0 0.0 0.0 0.0 0.0 0.0 0.0 0.0 0.0 0.0 0.0 0.0 0.0 0.0 
32.63331944183062 -13.611686961164184 -3.8200487745308673 27.770958315471713 -12.252014762891655 8.15373468035253 47.07079920347909 1.2091673010712705 2.3395106690939658 -2.472197641131174 49.61810931624557 -47.24801038355865 -10.235561220283357 -0.825175259445886 -10.802530958271056 36.897995662805755 -25.282753169297475 -12.733392918133546 -19.470334956979084 14.795449312172156 -27.29201635441814 -25.061559478424797 3.017039785668217 1.839291142646674 21.08626751445809 7.370097077140769 37.24791216589365 15.96951523802046 -1.5725102111552398 9.400914632467869 1.270956605539514 109.00411583619284 0.0 0.0 0.0 0.0 0.0 0.0 0.0 0.0 0.0 0.0 0.0 0.0 0.0 0.0 0.0 0.0 0.0 0.0 
-47.14946498011627 3.5194774755931206 -14.983972119830629 -18.17355835770436 27.708068195900076 15.71702934461953 16.538340015551775 5.364282334591776 21.284629958155033 -1.259614645262179 -5.740510106463331 17.60346606229481 -33.89339648947488 13.070795741517776 -11.34542107760254 34.064571757435225 -11.367679154733738 6.1719035470213015 -62.043369352397235 46.42966231721624 33.9459972855218 -15.123479008576844 -33.31286243183572 30.30499654791084 21.94256325042322 36.558384638581906 3.1157003944101413 24.96358885433841 -19.78189612020586 -15.615338092979888 37.88470887860069 -7.376134966889095 79.05380461166017 0.0 0.0 0.0 0.0 0.0 0.0 0.0 0.0 0.0 0.0 0.0 0.0 0.0 0.0 0.0 0.0 0.0 
25.159765746481902 -63.07059486888163 -20.40050464791081 20.89606540588079 13.301836591142374 13.098667866437255 69.60321808247888 13.141457835771387 -0.16729637638611727 -3.242141022555121 25.69091581789788 32.04265392530619 -14.271003047407985 24.121432682965487 -7.672008889215463 12.10944847788121 9.505639291876857 7.98294530773435 17.116024585277227 19.913251516751348 -10.375580585805128 -0.1572110260668223 0.37497568416268773 5.727499465290312 33.24023079768617 -3.0760079336749535 -25.685525386449957 -1.1270964655115974 7.72708765032273 25.98994421001312 18.636218624684787 10.122857170582016 7.354169013879432 93.41928116741025 0.0 0.0 0.0 0.0 0.0 0.0 0.0 0.0 0.0 0.0 0.0 0.0 0.0 0.0 0.0 0.0 
-49.716056186778225 -6.405893150552459 -36.64802476142779 -25.67334109607298 0.43002814493784636 -0.12492968090827725 -49.37196740853974 11.97010107468923 35.0657793873525 -6.786325972239296 -49.93415548191544 26.606452610123462 -0.13076722829690132 -37.37828449688325 -42.30926658959749 32.56824952217456 -7.063402746167108 11.644462621150888 -10.303845171396484 -7.424302226665556 -16.06018665874742 26.618748948762626 -4.409666103040373 16.809661411738222 -1.757622500406366 2.792440605066947 -20.689183640029704 -15.58745131801053 -0.5430855070937014 -3.612703509155267 -8.320033508646818 -19.56713798807327 -1.8816610582677156 19.282516074917872 78.02242961968811 0.0 0.0 0.0 0.0 0.0 0.0 0.0 0.0 0.0 0.0 0.0 0.0 0.0 0.0 0.0 
-13.775247931329574 -30.09406235499199 -14.8197548493525 -13.789890513642804 16.388441902240615 -12.712429404126171 12.18697767203071 37.31905080922665 -15.970251569050202 4.8430158002676436 10.631707945376888 25.672095553439576 1.2825642589958368 -0.05774310469646692 18.822270272466394 1.0544400683128263 19.415778209853755 31.2446355194628 1.988390404575623 40.645592489664494 -28.299620054570926 22.873035261787795 -13.539590967656979 9.771497401562273 -3.6596602536328504 11.64239800064747 0.7452537550701206 -7.107443784828509 7.003141359081661 5.524298573479304 11.423160356958352 20.417510089012037 1.948538965623951 -13.212726838408784 22.147316144834747 70.9766334890015 0.0 0.0 0.0 0.0 0.0 0.0 0.0 0.0 0.0 0.0 0.0 0.0 0.0 0.0 
-16.403010667847386 33.065499188596974 -20.22239497399659 -37.489715046385285 8.939163928301083 -3.2854428959880337 7.44081951561098 -3.8170796940180343 2.077363349669671 10.481806773308152 -13.709692754325769 21.53686961588812 -49.9435373496013 13.670748913020562 -6.229386257737072 19.514227512639952 5.201363915799098 1.0338035100282699 -25.525286389071397 17.313218614608207 -7.893781286253489 9.032818560841621 -26.953117365854215 4.203467165723739 18.198368108253 23.18845508610782 0.667623498002103 5.149362348812796 -18.970553394086636 -6.016299792482889 14.672543290546948 -0.7489315399330814 -1.664607958041334 3.156610224727267 1.6673276448114889 7.077275614072432 73.47287917908955 0.0 0.0 0.0 0.0 0.0 0.0 0.0 0.0 0.0 0.0 0.0 0.0 0.0 
40.111623375965166 22.825756031539257 21.10831260679594 -3.9943129994932165 -11.612498801374207 9.176459246923304 42.519272756424314 26.01295595437704 -22.023697829957946 6.30070966537111 4.51596140752478 -20.436460011261005 -40.03805377417303 -12.905254369083792 -0.3077491582615633 -32.45460677987304 -6.949064677454284 -15.852116469731437 0.2253475109203837 6.615444240580365 7.262946942901488 -48.10711922858738 22.092561330341827 -22.85601350995606 34.94960751480643 -6.612232175720295 6.180911510101799 -14.507260078688768 -5.034666610868923 1.6132138711006019 -37.63592757188437 -1.4598746179691633 22.13645820524823 -4.3183119596911 6.286009587954827 20.978152175508225 -0.44455633028757807 81.66726143647419 0.0 0.0 0.0 0.0 0.0 0.0 0.0 0.0 0.0 0.0 0.0 0.0 
-16.842424887532065 36.42748036662796 1.0908854072469658 -17.080427391664376 -26.08061580632601 -3.8425452820747994 -96.57205534116531 20.392960215368138 -18.38597678313285 31.66732654298546 -35.15908743103343 -3.096187373212936 -22.73811928705845 -15.503344980754619 -11.927127869252491 -41.1155995664785 3.8591202642729727 -1.2312394723969944 11.989465168495832 9.972863800692293 0.5146611744008922 -9.75449924795597 -8.739975270977455 21.01802332838459 -48.07656533793651 63.77400857886798 -17.207279971601874 -9.38977259933232 -41.35961455649735 -26.626960774145775 -17.54297696887971 -11.023424550374378 -6.562462699749429 -22.047475708643884 -23.219716104478785 -6.989761357808889 -12.150767392670438 17.425534070046652 89.38063765872256 0.0 0.0 0.0 0.0 0.0 0.0 0.0 0.0 0.0 0.0 0.0 
16.263524123353665 28.108299251715003 2.529605417873975 17.60396755153961 13.883953829865387 -26.978042201998843 14.153605946292826 -11.913093537707768 -11.910369554090101 3.2487796584242683 17.885724562825587 -26.33505119742129 7.250428355120707 6.259712746167931 -34.20352001268976 -33.77516206988979 11.870850177936816 4.175863134145245 18.238586924280355 11.042594699098808 14.940966735573607 -28.95787679965473 2.7073020621822574 -14.736917743569851 4.418075187167734 31.45960127648132 -31.586413818861036 -15.15911569394693 27.833628565444556 -5.119901750775928 -47.81611260835582 -4.629753201842147 -19.098625583732545 -7.4788181159908085 3.4788887227919054 -3.5904673951381727 21.480998224557553 -21.454287063961896 42.60466731640763 89.01025176204162 0.0 0.0 0.0 0.0 0.0 0.0 0.0 0.0 0.0 0.0 
33.73960243731407 36.51227592918131 -28.93589176739671 -90.31581506119726 6.855872942467018 21.031489430358175 -0.17119514971745053 43.93897394454686 -26.332755808482087 13.394663699736503 22.809051571434768 35.81878247549909 -67.69649651295174 -14.705042986099304 6.425869606762145 -10.565408448492642 25.251257953984975 -18.125063221079902 -9.218002486522442 0.29270611718874856 1.1358577635276996 33.41678544891378 9.804917430378316 31.16559372144002 -9.498258579067812 -4.2465478209782725 -6.955033112212344 5.563288203888612 13.815730284205602 11.374484191858798 -8.70255415205547 -13.359218476393568 21.145725570523624 19.135110778691143 -30.950270644453095 40.662081283974054 9.104563171183308 30.189531764367363 -16.181120761091215 -13.234187089982017 57.021987555416544 0.0 0.0 0.0 0.0 0.0 0.0 0.0 0.0 0.0 
-1.5915223616949663 -10.75761997660441 32.56587124392523 -24.738850004327965 41.13655775561622 11.12527525939298 -32.6452148402798 -11.317195948976241 -12.790894195949074 12.664703574117913 -39.049566552696874 57.06677776465479 -1.102818706113563 4.6544738126138085 42.72245078742767 -20.873493122996532 14.244602820541408 -32.21900247628429 27.073961319956226 -21.347660194824996 -26.79149932023323 10.831564043736535 -1.220070853288343 16.14971049375802 -29.53206239267371 -16.185972932307543 -7.606436924236349 -8.265533149329803 -17.03504873826507 7.9359101656553115 -39.861633755907135 6.95618366688064 -6.224236586771598 -16.367436833449236 14.931506247874243 17.871076312607222 0.02625814001406485 -8.732175185103204 26.36355318864722 44.436192258389596 6.7687300203378555 61.0102656160594 0.0 0.0 0.0 0.0 0.0 0.0 0.0 0.0 
61.342800819768186 -13.233897494776228 -21.92271440407311 54.83075289424005 -38.11188338339278 -16.565220196643143 68.84630344800915 20.15940926713207 3.227389599243575 -0.5956204420009087 94.06223802337446 -45.334511105221715 17.745984749995195 44.535382732855886 25.242198024825598 -15.039193973877396 -7.946648700643381 -27.997601343376058 -35.68568380252202 -7.5668793251367985 30.92979603242025 12.041805758348746 -22.614619180695914 -17.533835986285148 -7.937170693264592 -26.62765414909596 0.9249784972287777 14.815885391433277 40.53376160062303 -16.23622298706364 10.363274125715487 -26.16892279077121 24.994811577548894 12.017356661273789 20.849476799414223 -22.279479800055316 -26.203128322043852 22.692937098796744 -11.181042122965295 -14.707985569972301 -6.9818040678363245 -25.482520495015166 52.8688498174655 0.0 0.0 0.0 0.0 0.0 0.0 0.0 
-48.52064121074691 -0.09327625655721591 -15.495264673019108 -1.302873474808433 -7.251535362370176 -10.056075709048757 -56.291724718446766 -19.861873807968703 19.13511709233816 -17.039167081849833 -60.9685103871642 -13.187055509169912 0.6153166903287265 12.967339591825263 -17.44919310230326 21.629985299351475 -19.742088723514662 12.12811296818133 -45.065265534378746 3.638161670089064 -17.8553922091984 -15.685237891194868 -6.882670550115647 17.06531720475706 11.512903413224404 10.336777575494597 -4.698504357392507 -25.235825018040156 -9.907394350333751 1.6400879999259983 -12.61639166557673 2.6725968036635632 25.353951019516035 11.876002028682743 -23.41521121413547 8.777440228734967 6.936047116594333 11.983735548127827 13.04229039935509 15.536405077797555 3.1785985813119577 -51.64114168785869 -36.57565767097668 60.76107328646709 0.0 0.0 0.0 0.0 0.0 0.0 
-11.414949852589224 4.447970934567479 35.47223700930563 1.5996345426013299 44.968440126308465 -10.146174641420702 53.683203161894305 -36.719995143446965 -8.680135240451946 -13.08718922168673 6.97166084005155 14.75720837516905 -5.175604506443792 30.36476013292459 6.4319935122404495 13.382768381003624 -6.531420778829833 9.61694713617505 1.742402653386027 0.8862694585420843 28.13897694781146 -5.441827729226999 7.38429607674004 -14.567185841201551 36.56580103491615 -23.303994088658023 0.10340386256494123 -18.740539396715672 -6.019300948038822 -9.94913788821967 14.98047111538585 -12.208598116691872 43.382238724074604 46.0620800790433 6.411501215937166 21.778420548994223 18.769217567350957 -18.968625903750052 -7.911811228531922 -35.81751211263468 2.2776641705638174 -14.318984743432518 1.8349603326898036 -27.056258851172576 76.97842568645946 0.0 0.0 0.0 0.0 0.0 
-15.598147352211987 -18.574939958747596 -20.043609030519136 -43.135633335527224 -17.952929777319238 17.86010548651057 -30.613652405465142 19.65667310809235 35.148807804312455 -10.055013739424883 -1.0386973731269256 -34.160813279836965 -10.459788443111993 -18.454708832353752 -2.3709337779836472 34.647011118588196 -6.188079088310863 -4.676712215246972 -35.923811072533326 7.735943788489019 -27.5073938792365 -11.001303389292815 -26.910208303080566 7.186986816841258 -11.274821827714305 -15.623899083076308 25.676825486106516 -29.875739503577893 13.680458030092069 34.573049340177626 6.878374660607069 19.10102377781861 -26.2632793146858 -34.97204405294007 -10.10833208030348 2.1749740132606314 -9.358848070143292 26.4981006486672 21.416856992554024 8.744626419636123 1.7388579381851061 -3.0336126402268833 58.639768548021806 -32.105398946301136 -27.09684398189214 83.66518792541012 0.0 0.0 0.0 0.0 
-13.808850672983327 -19.180539798264316 9.139016601452193 -14.368889719918075 -7.207522032411981 3.3978388118720395 -8.441636873734154 5.160221681526873 -7.671864368226129 12.35422115296103 -3.120135420950807 -2.6485226438713845 -21.50205768176691 -13.945143524523623 5.26577348144375 0.46164057284118826 -11.233285453321965 -0.8907126093460828 -16.4087621617287 16.24265128085215 -12.199722240702044 0.9860373399694115 0.026402030564965023 31.471468173287192 23.888472115403808 28.395604682421226 -1.3489333040662004 7.287683211871951 -4.8009157535118385 -46.686962977651554 -7.582161597675181 -30.874826739160735 0.9331877961576471 8.662179223085975 16.560475941918902 5.892536186326876 -39.7882069777504 0.9255263976159819 8.670816478481271 -19.04454468228573 12.859475935985081 -1.7464136234122172 -14.969191284647456 5.764178754940161 7.5990398464356455 -3.2705145193399114 46.60551267484938 0.0 0.0 0.0 
-14.006236616791469 -50.44140248070255 42.61643024732886 -17.046987568960517 -13.566787955088568 -2.972606936636072 44.055881983742786 16.587508006795982 -30.71299268220832 -10.680893255745827 67.94378369788453 -54.1804816252273 12.376525348924895 42.78328043078956 -19.44272272708161 43.93288387060971 22.804361561057373 29.43686646389462 18.687685412440178 8.71155357077303 -8.148731816008883 -3.9194253160904236 22.428039641753543 -35.774121710800216 7.85244120828552 -28.14678180444611 32.48396579401551 19.206966538593075 10.201530910092512 27.735907562048773 12.703355770474742 20.56036218630265 -6.48622306197289 14.157839129270906 14.52611259355519 0.3990591221725646 -13.476498633663704 -19.390964078142208 1.592813794695384 20.489808953307666 38.41225323263491 -36.401766593019126 13.315665763612756 7.4606375338056194 3.2172651570279416 22.72100023900022 14.248109629586665 68.08663213395732 0.0 0.0 
61.22924832291509 -33.124992553949596 -47.60266629526092 42.54185245131287 -11.084324680913506 -40.494483834071325 20.107621872468656 -17.688513843063784 -20.749899859476116 1.485593679807847 18.787718275946524 9.0446088042139 7.148989781630848 -11.887644227565298 -31.72752781512114 -5.286656846854151 13.308918617215745 -18.751557725338955 -6.709337444587499 -10.874138117138191 16.908235650000165 15.737413012253931 -1.0296056951729222 34.57200807709526 33.81173160099212 10.648849447380703 15.491915137678587 25.019610156610177 -26.463751021157798 33.088465276298756 5.127039360961042 35.923728133583076 -14.038385821719903 -5.176192566352487 32.62736021695642 2.055255185982178 13.09427089064693 4.928239688754522 15.413363692804769 -25.97409159397851 -22.15656892786884 -13.018950478685639 1.6391860985027702 3.9491455176458725 14.83558239012776 -29.009115829342377 -32.944557527139274 -0.7301882609193161 50.90258093974627 0.0 
-61.266595939992015 69.07346403922244 48.72929451766513 -28.231263806740717 10.461026048450455 35.99235930691822 -107.23652184590996 -38.88829530851987 -10.032134003752493 -6.317072824512785 -106.3065574006882 35.794950837652515 -35.966201910235185 19.531238205898607 7.394833860308819 -45.71436489451477 -10.075015669768955 -17.14221223756179 6.887725887789003 -2.242568641256156 8.3770842268747 -22.77651351387618 10.385265334139856 2.7310039958333854 -29.29346362898555 28.64757061164567 -23.546527763258894 18.203207598211442 5.966763265296844 -38.031798569858985 -5.563516876309276 -22.966259463794078 30.827807303940137 -14.568489833275555 -20.821592017671126 -42.294486027504064 34.67456613352722 17.33512550337644 11.847286255159435 -7.682588054628682 18.007482199983393 32.25089921580654 -16.844207040073286 -18.172532440147982 20.03103923054212 -31.251284389987266 11.831744731097238 8.752509911630765 -12.832411474712343 46.90826336455454 
