0.3378809623011674 0.12694255501915486 0.048979669654007234 -0.037256210608252696 0.33064511229258886 0.2625022062127434 -0.6315875981462509 -0.14339020042626727 -0.3069281869420253 -0.11771525540241481 0.024798871622875064 -0.04905952810253678 -0.4507142467095405 -0.20406416547706904 0.6325849387550736 0.13027959534055697 -0.05940801299898414 -0.0967297346727094 -0.5662868033864626 -0.26956856741333274 0.10369056526902601 0.20708735637544531 0.3902653281389002 -0.11831306124183644 -0.030602250437649352 -1.6910187786407584 -0.19396521968843114 -0.04665231888720274 0.07173582122752244 -0.19729260849489774 3.591649369603872 0.13423197613360752 -0.2577355909557341 -0.3168766637200345 0.16922129940440772 -0.11590471790664995 0.14888314388801063 0.17724661118212556 0.0989405323510607 -0.08331461792925154 -0.2870953346550909 0.18036134945188323 0.08862699722361064 -0.031336886317009094 -0.08243256630563009 0.1092986003148694 -0.3292161329174605 -0.14056190963916526 -0.08819254636296629 -0.07627367842150092 
156.8194665693061 0.0 0.0 0.0 0.0 0.0 0.0 0.0 0.0 0.0 0.0 0.0 0.0 0.0 0.0 0.0 0.0 0.0 0.0 0.0 0.0 0.0 0.0 0.0 0.0 0.0 0.0 0.0 0.0 0.0 0.0 0.0 0.0 0.0 0.0 0.0 0.0 0.0 0.0 0.0 0.0 0.0 0.0 0.0 0.0 0.0 0.0 0.0 0.0 0.0 
-59.31316261429801 145.79482618338 0.0 0.0 0.0 0.0 0.0 0.0 0.0 0.0 0.0 0.0 0.0 0.0 0.0 0.0 0.0 0.0 0.0 0.0 0.0 0.0 0.0 0.0 0.0 0.0 0.0 0.0 0.0 0.0 0.0 0.0 0.0 0.0 0.0 0.0 0.0 0.0 0.0 0.0 0.0 0.0 0.0 0.0 0.0 0.0 0.0 0.0 0.0 0.0 
6.5487086648333666 -41.806551798316434 154.99886844897426 0.0 0.0 0.0 0.0 0.0 0.0 0.0 0.0 0.0 0.0 0.0 0.0 0.0 0.0 0.0 0.0 0.0 0.0 0.0 0.0 0.0 0.0 0.0 0.0 0.0 0.0 0.0 0.0 0.0 0.0 0.0 0.0 0.0 0.0 0.0 0.0 0.0 0.0 0.0 0.0 0.0 0.0 0.0 0.0 0.0 0.0 0.0 
-29.247444879638078 73.13371308280844 5.53282554095564 145.8113135876657 0.0 0.0 0.0 0.0 0.0 0.0 0.0 0.0 0.0 0.0 0.0 0.0 0.0 0.0 0.0 0.0 0.0 0.0 0.0 0.0 0.0 0.0 0.0 0.0 0.0 0.0 0.0 0.0 0.0 0.0 0.0 0.0 0.0 0.0 0.0 0.0 0.0 0.0 0.0 0.0 0.0 0.0 0.0 0.0 0.0 0.0 
7.838963103258767 5.2452734506111325 -4.9775187639782885 -19.01199074755943 150.07783298574637 0.0 0.0 0.0 0.0 0.0 0.0 0.0 0.0 0.0 0.0 0.0 0.0 0.0 0.0 0.0 0.0 0.0 0.0 0.0 0.0 0.0 0.0 0.0 0.0 0.0 0.0 0.0 0.0 0.0 0.0 0.0 0.0 0.0 0.0 0.0 0.0 0.0 0.0 0.0 0.0 0.0 0.0 0.0 0.0 0.0 
-9.334212795895699 41.708547850021496 -14.306334542988788 -30.071097887931813 3.8393469231401416 148.21147727077877 0.0 0.0 0.0 0.0 0.0 0.0 0.0 0.0 0.0 0.0 0.0 0.0 0.0 0.0 0.0 0.0 0.0 0.0 0.0 0.0 0.0 0.0 0.0 0.0 0.0 0.0 0.0 0.0 0.0 0.0 0.0 0.0 0.0 0.0 0.0 0.0 0.0 0.0 0.0 0.0 0.0 0.0 0.0 0.0 
45.980313896989 76.24423987850153 -20.848716361107815 -13.95457418008517 52.88561918334766 10.211094365885181 111.23108258460775 0.0 0.0 0.0 0.0 0.0 0.0 0.0 0.0 0.0 0.0 0.0 0.0 0.0 0.0 0.0 0.0 0.0 0.0 0.0 0.0 0.0 0.0 0.0 0.0 0.0 0.0 0.0 0.0 0.0 0.0 0.0 0.0 0.0 0.0 0.0 0.0 0.0 0.0 0.0 0.0 0.0 0.0 0.0 
2.692881178943221 -86.63451141466977 -3.2677201409144176 -13.28074930714603 15.596032697266269 -67.25587195965798 -49.12014325096982 137.66556690338206 0.0 0.0 0.0 0.0 0.0 0.0 0.0 0.0 0.0 0.0 0.0 0.0 0.0 0.0 0.0 0.0 0.0 0.0 0.0 0.0 0.0 0.0 0.0 0.0 0.0 0.0 0.0 0.0 0.0 0.0 0.0 0.0 0.0 0.0 0.0 0.0 0.0 0.0 0.0 0.0 0.0 0.0 
23.48017651716129 41.548571055900595 -19.25539699728652 53.390363034651024 9.766532555766897 0.7114380625044048 5.940210179482415 -19.823678809414517 112.19893972649727 0.0 0.0 0.0 0.0 0.0 0.0 0.0 0.0 0.0 0.0 0.0 0.0 0.0 0.0 0.0 0.0 0.0 0.0 0.0 0.0 0.0 0.0 0.0 0.0 0.0 0.0 0.0 0.0 0.0 0.0 0.0 0.0 0.0 0.0 0.0 0.0 0.0 0.0 0.0 0.0 0.0 
32.35887541886682 8.661241381473948 -25.09673943777766 -38.029568942299676 13.244624951513943 19.49228135609463 25.422870181839524 -30.645755045609558 44.67439392329488 96.61166048856752 0.0 0.0 0.0 0.0 0.0 0.0 0.0 0.0 0.0 0.0 0.0 0.0 0.0 0.0 0.0 0.0 0.0 0.0 0.0 0.0 0.0 0.0 0.0 0.0 0.0 0.0 0.0 0.0 0.0 0.0 0.0 0.0 0.0 0.0 0.0 0.0 0.0 0.0 0.0 0.0 
-0.023586539290182187 -31.2934036337584 -36.65113564212886 17.507182062181208 -32.890460803112084 47.68794722523538 19.832440258537396 6.844072949792794 19.342915603682297 -23.78355805111199 112.1749431987833 0.0 0.0 0.0 0.0 0.0 0.0 0.0 0.0 0.0 0.0 0.0 0.0 0.0 0.0 0.0 0.0 0.0 0.0 0.0 0.0 0.0 0.0 0.0 0.0 0.0 0.0 0.0 0.0 0.0 0.0 0.0 0.0 0.0 0.0 0.0 0.0 0.0 0.0 0.0 
37.182828203224496 -23.853742511743164 -70.5844719083092 -57.59112663245019 42.51533315394396 23.882100407381767 55.1307000547084 -32.9236096433233 2.065578798401399 60.058853422031575 70.9473552563181 159.1698642473882 0.0 0.0 0.0 0.0 0.0 0.0 0.0 0.0 0.0 0.0 0.0 0.0 0.0 0.0 0.0 0.0 0.0 0.0 0.0 0.0 0.0 0.0 0.0 0.0 0.0 0.0 0.0 0.0 0.0 0.0 0.0 0.0 0.0 0.0 0.0 0.0 0.0 0.0 
66.96318149635411 63.61763741000216 27.177930501565204 -38.43148341577194 -23.20248390095701 12.682816680939293 50.42623067363101 -20.609769856809177 -20.627243920100625 -4.91491402282271 12.869205964136242 -54.17978433136516 105.4408783824845 0.0 0.0 0.0 0.0 0.0 0.0 0.0 0.0 0.0 0.0 0.0 0.0 0.0 0.0 0.0 0.0 0.0 0.0 0.0 0.0 0.0 0.0 0.0 0.0 0.0 0.0 0.0 0.0 0.0 0.0 0.0 0.0 0.0 0.0 0.0 0.0 0.0 
-1.252104219077694 1.1087897724067324 20.305055261534225 16.332442811042785 20.787369334255832 -10.121165212729275 -47.01756623715993 15.81055265411607 12.03448549944442 48.61355058895903 -41.568002806527886 36.601135603106556 19.420718155564085 102.63313786321191 0.0 0.0 0.0 0.0 0.0 0.0 0.0 0.0 0.0 0.0 0.0 0.0 0.0 0.0 0.0 0.0 0.0 0.0 0.0 0.0 0.0 0.0 0.0 0.0 0.0 0.0 0.0 0.0 0.0 0.0 0.0 0.0 0.0 0.0 0.0 0.0 
-50.10386066432838 -48.209528868534406 70.33164441670196 -3.271890691596037 -19.30943419904897 -73.76073738452546 -0.5683756192126491 -13.950513997820154 9.054037453860046 18.31447531361199 -12.17869785673821 -1.1871528567149416 -38.162491991520426 -28.43885192472672 123.78311786330153 0.0 0.0 0.0 0.0 0.0 0.0 0.0 0.0 0.0 0.0 0.0 0.0 0.0 0.0 0.0 0.0 0.0 0.0 0.0 0.0 0.0 0.0 0.0 0.0 0.0 0.0 0.0 0.0 0.0 0.0 0.0 0.0 0.0 0.0 0.0 
91.67874020388737 -50.1630010838242 -12.30696366176663 24.31526107483523 9.539410597436278 -74.52479852106939 72.38345303168559 -17.056917845007156 10.321119220001846 29.43421897714189 71.79879203937205 45.86197582201961 6.407554199934684 -17.47604135353853 19.653947639682762 80.77932928458625 0.0 0.0 0.0 0.0 0.0 0.0 0.0 0.0 0.0 0.0 0.0 0.0 0.0 0.0 0.0 0.0 0.0 0.0 0.0 0.0 0.0 0.0 0.0 0.0 0.0 0.0 0.0 0.0 0.0 0.0 0.0 0.0 0.0 0.0 
85.55199796628429 16.82017601224659 -10.05337699080274 -26.598513947306593 64.44549582354541 -1.2169520018356839 46.13380861784047 -50.892465697667504 25.824527298663096 51.390537156011064 14.96646098535374 63.3006488919614 0.5657305441029753 17.166732794492297 -1.0797875692403172 -1.1281216484332395 110.29491845352881 0.0 0.0 0.0 0.0 0.0 0.0 0.0 0.0 0.0 0.0 0.0 0.0 0.0 0.0 0.0 0.0 0.0 0.0 0.0 0.0 0.0 0.0 0.0 0.0 0.0 0.0 0.0 0.0 0.0 0.0 0.0 0.0 0.0 
8.018477609589757 37.792442002575676 -32.75848356522173 -32.963338056412454 22.581965670674258 24.994288764950305 13.894781374627295 -70.93439675828427 25.874414981098834 11.280507929949682 23.163248909868262 -25.595585558736282 -1.3403014918425742 8.617036453282791 4.278434750214527 -10.914888244874714 33.79468758535493 83.67326375155687 0.0 0.0 0.0 0.0 0.0 0.0 0.0 0.0 0.0 0.0 0.0 0.0 0.0 0.0 0.0 0.0 0.0 0.0 0.0 0.0 0.0 0.0 0.0 0.0 0.0 0.0 0.0 0.0 0.0 0.0 0.0 0.0 
119.34187093756417 -5.03565067889331 -33.54236602474757 -3.7298768487871685 71.93374372596061 -7.478729997865569 42.40162099936305 -65.70650431424129 16.450814548132044 71.31121155892095 19.152752106799873 96.57852499959199 22.580730445985342 -20.299057594386316 -2.137700241596942 9.412098815747225 29.631807593997248 4.533737415523611 95.7639660163613 0.0 0.0 0.0 0.0 0.0 0.0 0.0 0.0 0.0 0.0 0.0 0.0 0.0 0.0 0.0 0.0 0.0 0.0 0.0 0.0 0.0 0.0 0.0 0.0 0.0 0.0 0.0 0.0 0.0 0.0 0.0 
-132.50522862506634 32.373248037593065 -18.91114478506621 21.853751520651745 -52.17890670502181 10.094076565402666 -35.42195885887953 26.602161443485112 20.398407547591006 -75.16191259487982 23.192381912623752 -78.67408496192824 -42.89957950314449 -11.662787414367813 16.856961292987307 -10.413900753456456 -43.68795540523089 17.641795944136053 -33.183097438493085 79.55203583172286 0.0 0.0 0.0 0.0 0.0 0.0 0.0 0.0 0.0 0.0 0.0 0.0 0.0 0.0 0.0 0.0 0.0 0.0 0.0 0.0 0.0 0.0 0.0 0.0 0.0 0.0 0.0 0.0 0.0 0.0 
-49.60719761242995 -3.103265772059977 0.543071141182402 25.15264795861065 -96.3316005979726 -13.476845285684316 -0.7346363213303931 14.31177301138445 13.50343032997099 -70.13763968243242 -17.727329477057758 -33.651045036054 24.64297005019284 -18.67007271165628 -28.712696793159907 9.76336603481172 -71.50006375009073 -18.539070354844394 -28.246151837885137 -5.536914789033381 83.96437256306996 0.0 0.0 0.0 0.0 0.0 0.0 0.0 0.0 0.0 0.0 0.0 0.0 0.0 0.0 0.0 0.0 0.0 0.0 0.0 0.0 0.0 0.0 0.0 0.0 0.0 0.0 0.0 0.0 0.0 
-11.41800547609587 -58.5940011323642 -7.605003533740122 -10.107276346457766 90.67709034640863 -25.395278434604784 -53.85390827995316 -16.61362618593486 -31.789191597678833 5.884572293006723 -52.36165383370966 19.230738271147388 -16.155339270693943 -29.84885521613702 -25.89867612242253 -13.482389532742454 -3.1100911642705333 29.216747902991678 42.270857743539274 -3.0397973243263814 3.4424732549539105 74.90295286070308 0.0 0.0 0.0 0.0 0.0 0.0 0.0 0.0 0.0 0.0 0.0 0.0 0.0 0.0 0.0 0.0 0.0 0.0 0.0 0.0 0.0 0.0 0.0 0.0 0.0 0.0 0.0 0.0 
-10.489890924369876 -47.838096043136645 74.8797209357013 -55.00824903910939 -54.31785778287751 13.191742993820842 26.4871881991717 1.5600794227198744 -70.82038547984308 -43.22883663577939 -7.489763760063706 12.288323793968635 5.512896802066865 7.046294417461428 27.682342953919548 -12.153511297553107 19.44128515856333 3.2450031590942516 1.3751214327127137 -16.669522030997744 -15.260724581977753 9.980189775588242 76.68264636336421 0.0 0.0 0.0 0.0 0.0 0.0 0.0 0.0 0.0 0.0 0.0 0.0 0.0 0.0 0.0 0.0 0.0 0.0 0.0 0.0 0.0 0.0 0.0 0.0 0.0 0.0 0.0 
7.988712902538931 47.85151623543082 4.935054482006023 -41.44706223511523 -9.559369640449411 -6.972037403872539 34.12685141084964 -7.918384286491942 -16.563099116299533 13.39123719067138 17.53670811677613 15.567534849571523 48.339206518066945 38.29866382290548 3.679111545065942 -1.0884299883083257 60.47436366029325 28.84757498883617 -5.128854830114664 14.364462140701605 -26.50109945292311 -9.665933797969368 38.04153800903737 60.06847113397165 0.0 0.0 0.0 0.0 0.0 0.0 0.0 0.0 0.0 0.0 0.0 0.0 0.0 0.0 0.0 0.0 0.0 0.0 0.0 0.0 0.0 0.0 0.0 0.0 0.0 0.0 
41.677497805772155 -38.34798363915126 -37.53810739419029 -44.2640510314247 87.71140894681695 -47.42477576805591 26.361692419318977 -1.4325373193742772 -13.168713587940253 42.45638523571453 8.76125035535042 38.306768434171175 -14.278698528919998 -23.15566056773376 13.879411290080826 3.2740130010204 26.500541476445406 7.205644988438483 -5.548507352886408 -0.6535655076630092 -22.225446542852367 17.007093299990604 -8.579301286515772 13.950008827957385 73.12160426103044 0.0 0.0 0.0 0.0 0.0 0.0 0.0 0.0 0.0 0.0 0.0 0.0 0.0 0.0 0.0 0.0 0.0 0.0 0.0 0.0 0.0 0.0 0.0 0.0 0.0 
-54.2806735332842 63.44943837610834 94.80853164230503 11.433949012593741 -104.38340895561153 51.21101878293264 23.265248448784515 -28.93010276142115 -47.72763304520931 -55.268554712034785 -16.849841895125035 -28.531329965786146 26.99610609937738 22.608208036698493 -6.801408089361058 -24.97709163397006 24.091586663898973 -23.6505276633983 2.5434923449910207 -34.11335068772953 1.020452408682482 -23.150088098311425 37.28570165763926 3.782443596852561 11.411631426654166 67.80883000821812 0.0 0.0 0.0 0.0 0.0 0.0 0.0 0.0 0.0 0.0 0.0 0.0 0.0 0.0 0.0 0.0 0.0 0.0 0.0 0.0 0.0 0.0 0.0 0.0 
-86.2094979903569 -49.727959860291854 86.38900988221802 63.52227294969502 -21.5211601858239 -0.6253301420988739 -42.04719753831023 72.90265779726911 -17.286247696473783 -74.78554151947698 8.620743791995562 -40.593249299413976 15.954769486133692 17.00612587370944 -41.46521684772617 27.377390331846403 -43.70136800197273 7.401147284849669 -22.724723531806937 3.124142634291257 32.27360369633765 29.65945018301201 15.438592119586932 -17.636095993114072 -7.261551484551422 -10.441528876579895 92.33900429622324 0.0 0.0 0.0 0.0 0.0 0.0 0.0 0.0 0.0 0.0 0.0 0.0 0.0 0.0 0.0 0.0 0.0 0.0 0.0 0.0 0.0 0.0 0.0 
52.03894008767515 -35.49323369983471 -67.00679744598709 33.56514374886554 50.471775341924264 -60.68903783956027 7.04620753663828 -25.701737903626594 11.855167038450498 23.029396652346623 -27.099560655480406 -11.569489313978819 -29.41725236577054 31.702892166261545 1.5530166546094477 54.903582108853385 -13.92342741888626 36.22871263881115 -11.128466958935666 -8.978397218582218 -32.274218685270505 6.282954747882263 6.840302433036763 -3.701502197732346 17.451013283492692 -3.6872931953644823 11.325110338964674 70.39126409538898 0.0 0.0 0.0 0.0 0.0 0.0 0.0 0.0 0.0 0.0 0.0 0.0 0.0 0.0 0.0 0.0 0.0 0.0 0.0 0.0 0.0 0.0 
29.977468330351485 -21.31348752255661 5.389002611720812 -104.09162857298092 63.25785043809747 -30.293059294012757 83.92930464863478 -10.048593442956083 -7.294348372562366 38.00714489267243 -36.16332423039928 32.052018350155194 11.268611901780671 16.840757832199692 11.357593242946534 58.34512455805055 0.1724535386087753 -6.078045300763844 -32.714826204350985 -13.665976118287803 -17.199355664581805 -7.235860334305067 17.133001175110554 17.180496177586132 -7.861575914589977 24.20502110282244 -18.693891057716247 7.507145653205316 70.75757906100402 0.0 0.0 0.0 0.0 0.0 0.0 0.0 0.0 0.0 0.0 0.0 0.0 0.0 0.0 0.0 0.0 0.0 0.0 0.0 0.0 0.0 
-42.380883935705675 27.587321729845605 -17.644739807293135 43.591066527836915 -60.535417861110346 9.327626016917845 -31.391235152365056 13.530955282814155 16.169956656961283 -26.005514592731497 32.55901582171147 -99.16448956937742 -25.312648282370837 -3.865544316111778 37.72692059048604 -8.384405164952327 -58.62699573783893 -12.378178237519005 10.75872466365865 21.064673863334495 -1.291994686117365 -13.882833033933249 -37.78189586061195 -23.569991817056053 14.373641892394208 7.878492752421494 18.79729796614579 8.401745370805218 0.10236899764957426 72.17029198456927 0.0 0.0 0.0 0.0 0.0 0.0 0.0 0.0 0.0 0.0 0.0 0.0 0.0 0.0 0.0 0.0 0.0 0.0 0.0 0.0 
113.79813807126301 26.10388779592971 -16.662828847016648 -15.020249520719752 20.662232135869637 23.476057955301467 22.767536408780284 -11.121160957309353 -0.6461995364510537 2.7780614683879135 -21.311200423914812 -14.76729175488167 24.264696365165413 29.466988640552273 -32.803929608150355 9.580364370927333 19.834775549299952 -24.108621328179897 -16.748892507082264 -58.120440688209094 5.672199553651009 -9.571032064016718 19.88741174894823 3.6707622892441916 -4.318362623294307 -23.200289067993566 20.63130449628928 -15.829777465156685 13.265689946805658 -10.513385761315613 74.90579247251311 0.0 0.0 0.0 0.0 0.0 0.0 0.0 0.0 0.0 0.0 0.0 0.0 0.0 0.0 0.0 0.0 0.0 0.0 0.0 
22.819331462470526 -28.291254989395426 78.76999211528235 -26.34605200323667 4.308100520153481 -56.78992102055668 4.984615663128328 15.885715453934253 2.7727189373958456 31.81152105727167 -38.58975093202664 42.00187862311786 14.805777889153525 -19.33295442224564 -34.55673879843177 4.465661344365088 38.35664927770771 -26.991922382173087 41.817558493752415 -64.78567268889756 20.205827253388723 7.972465145311961 22.91465129753582 1.8051671386499124 -31.680513258226938 9.205567358105533 -0.7823089288581796 -50.55332112735502 2.8854093103627427 -34.24524954114632 23.53613772853637 66.01349733724346 0.0 0.0 0.0 0.0 0.0 0.0 0.0 0.0 0.0 0.0 0.0 0.0 0.0 0.0 0.0 0.0 0.0 0.0 
29.79722808200494 1.7520870630275205 -2.9406865896314307 7.573632181304968 -15.748737023566513 73.23037368900152 -26.97326004399149 -48.46580167579588 -33.0368430317137 12.934502938163783 -10.656485455639745 -37.2020599909668 -15.625891650677811 -13.914893475719088 -30.022979620902873 -27.420991693109166 37.93016906395323 17.855745981624707 18.388228719547538 -24.026819519991847 -42.38141677792397 -9.283302048470802 7.139791505724977 4.817494042743901 23.13190492729522 21.58176907679719 6.565934053226774 25.374929400319925 -14.149910263026074 15.458380934694212 22.15042076211484 -7.790125277240707 68.50440418708196 0.0 0.0 0.0 0.0 0.0 0.0 0.0 0.0 0.0 0.0 0.0 0.0 0.0 0.0 0.0 0.0 0.0 
-73.24215276840788 9.322944967766146 58.50058059163761 33.667355434074686 51.10214417346273 -17.10193206859438 -29.108109775876724 3.3432396212301643 12.427226738733534 4.654370641808062 -53.88992312241402 -10.225665039603104 -9.530260739363674 28.612065705722298 -16.762563348193105 14.942909593406965 -26.9249591561903 2.8791829409985463 -29.560695119816508 -1.0874215819484951 1.036677197916495 -6.410571773032443 -19.94044692391881 -10.398785179531812 -7.325516430587233 6.441633574331726 22.062594671081975 -9.689748247547397 -0.6037657410366671 -25.84327287173654 5.535080908969355 12.35493608738665 -5.1729794418135855 59.42601560291927 0.0 0.0 0.0 0.0 0.0 0.0 0.0 0.0 0.0 0.0 0.0 0.0 0.0 0.0 0.0 0.0 
-17.028478751205533 21.529821609949455 46.66420556477176 -19.780757062835555 -25.27555365247116 59.90199412836067 -41.83164481551389 40.973081533323565 -27.887454479906964 -30.19704977420192 6.3607653854238375 -29.83740366320215 25.139443803627955 12.184506648449457 -13.232441357316475 -8.898256022104453 17.216921489539285 -9.502702975923807 -11.728283796404357 -24.72787861559283 -5.248263845685663 -15.719295183204556 24.551885977138532 -12.91111052361233 -28.565124749865305 13.091280695370648 10.769309614669524 -26.028576328364288 -5.195578056064035 -5.537472639039553 8.884032026602506 -9.550979674063612 11.107993358816609 -3.8947300027616514 49.29790824139472 0.0 0.0 0.0 0.0 0.0 0.0 0.0 0.0 0.0 0.0 0.0 0.0 0.0 0.0 0.0 
23.452656062027998 19.010262484566454 -21.797315125812947 -54.650418076286314 -14.64432601901144 55.60456767512205 -32.250147339685796 21.519693626031515 2.1234140595705138 2.974877746478852 -34.535865267944175 26.11840436699798 28.866191230719217 35.55229225887927 -35.21801341467579 -34.394545949274566 30.255929030298862 9.34222192285216 14.256869399806513 -23.58354942491919 -7.792310799902568 8.007306311741583 14.168799842050756 7.207288621468063 -7.4225394891667005 2.9043462691176365 -3.2446459778332017 -7.882808621748474 -1.8098348926658088 -12.24465693132497 13.922203291114863 6.264180630696143 8.594350450328443 -3.8145437546269907 7.014933384424102 51.22380743767557 0.0 0.0 0.0 0.0 0.0 0.0 0.0 0.0 0.0 0.0 0.0 0.0 0.0 0.0 
-56.05796824794133 -22.749002310832257 29.535180228616458 21.277801820971387 -21.703342486941622 -21.150730801053022 -3.9955555834214214 46.54751800441301 -3.6170285023889437 -33.27883994954954 30.54222410478168 0.29706252109571196 -3.2517244672744994 34.077085755716205 54.26133335615105 -18.37255135563281 -16.176822209643476 -5.210718764309728 -32.54657639474654 -7.0882128503729325 -13.125349307594659 1.458019627024064 8.589063230563657 -12.817596007068786 5.547377088327601 13.31836007558304 3.2492734813761617 11.576312305405873 -0.09738091223291254 -14.099953586214225 -0.8354484728221943 -14.575890014197952 -45.447376478654554 -20.915767797460184 20.117681428783516 -8.1078941923486 59.19743741612079 0.0 0.0 0.0 0.0 0.0 0.0 0.0 0.0 0.0 0.0 0.0 0.0 0.0 
-36.20271826292444 -32.49821688025324 -17.834130994964198 -21.606289608182013 8.975672979615917 17.98044874696463 -36.597812189960614 33.286486693512835 6.43757220287724 13.629648118992677 32.866196842503385 -21.04117171216515 -26.97182675545803 -4.368252881044075 -22.11322120547597 17.707916895625473 25.051972441369884 12.789645552404155 -1.8520613401632513 -16.489663915059165 -6.5860584762365155 -22.334652582869815 15.384956548207544 -11.209833660928048 7.659362125487435 -9.715170505711601 39.68632508848438 -16.670965342107877 0.5995754706871235 0.5302518897142714 5.2091871821735785 -4.270258264639792 20.08961244045335 -2.7298943167740046 15.027839101224284 8.361126824986426 2.0187349909695995 51.76696515980578 0.0 0.0 0.0 0.0 0.0 0.0 0.0 0.0 0.0 0.0 0.0 0.0 
-61.15293196758848 12.723051222653313 8.281142474106662 6.996255670427334 71.59061525848446 -15.427035993143104 28.13745285889471 -17.142607550361685 -7.708154812237758 -40.435564946159005 -12.630009854341555 12.012754952927848 -2.509802784303623 -39.50262762071681 -2.4893875912592764 39.752438580511544 -6.290799662767645 24.4580810396322 -22.972039602483378 21.218646369017115 5.800073661134108 27.784509529290077 -20.118669206009685 -2.0500872437514377 -9.986907774601786 -15.898129302445117 14.896584615147004 4.436031937947925 28.563660158370734 -12.592717846796958 -11.954511149631074 -12.104534172406968 15.253602191605488 29.35614774273828 -22.37285429912445 11.416224152919375 -23.772835089460784 6.287316610421144 55.946446893578354 0.0 0.0 0.0 0.0 0.0 0.0 0.0 0.0 0.0 0.0 0.0 
35.34961240797441 23.634830505088015 0.7736947996577829 21.910357473587023 10.601620994305932 41.06385900358966 2.18230217399441 -22.720357455981965 -82.58771197756107 -70.74846615237486 -25.864485472649076 4.100971903417719 14.292326982350314 -28.905557387407285 -27.875456814260858 -25.787078703800805 28.19066213862715 -1.532506960895215 12.36223470172103 8.179170266779206 -12.010743640658228 32.622369830772996 7.478303343919978 -4.68827710974293 9.319374036133105 -0.6218009292380311 -3.4972743974931526 -6.240144251154583 16.443263640395624 6.621752190211818 -14.855880533462669 -19.45978398896169 15.34438647402771 11.39491253067989 -0.8813503297767702 -7.47973455119387 5.700803591472981 -10.014414202205948 23.743168930671892 46.90943593865931 0.0 0.0 0.0 0.0 0.0 0.0 0.0 0.0 0.0 0.0 
-18.100139024605387 38.59800156972934 -40.95142855893776 -4.967341369976891 32.87645030064185 16.787255946004066 25.83658626630114 8.35795190778532 -11.734665851787675 10.77167761645768 28.25324389122959 32.73916704958825 22.39184147002249 6.7513668502623005 -53.96519988673528 -0.21580942379292745 -28.146834717912235 5.606383392454831 -29.12836870597837 2.7161473879758082 -5.132421261792941 24.97889734405276 -8.582750223563565 22.525782559962813 15.655245035252703 -13.566858327664365 16.97384172141957 32.54028210491028 2.7135151698468283 4.640016280286506 -4.435053850448602 -10.956815880756446 -23.90761964225623 3.5389932215337607 -12.411029953082018 15.31474956856112 11.170501688798224 14.105458504997582 -4.308442017182259 -11.929356104620076 38.817657499906154 0.0 0.0 0.0 0.0 0.0 0.0 0.0 0.0 0.0 
24.252444945127248 6.751228400999603 -22.102887735199133 40.0241227021849 69.45849178613516 4.617507836740662 -22.918263312700432 -27.247420533779014 -26.85903750446378 37.640379444603205 -15.599655685565558 21.309843038663338 8.915681569396334 -29.231065646164577 -13.876163203918901 -2.807080461851738 3.608284222700541 17.36176741269138 20.13643876541377 17.30930265602631 -13.279187725363428 45.383199256391464 -32.20273263646313 -9.145714151137753 4.849435569532889 -28.312077687001576 28.241209747125804 7.408716914695602 -13.493789601496871 17.449860094649353 -19.44391634013047 -2.2026058315314705 26.81442114018395 21.407216444842316 -5.135878845031911 15.08860097609435 -9.630705800635146 -2.687894512665235 19.75369818967661 19.469487305972947 3.9490852560640772 35.99577555343408 0.0 0.0 0.0 0.0 0.0 0.0 0.0 0.0 
27.025942818720033 14.708426651421142 112.69355976060167 -9.25171961756567 0.3235855426327838 18.58601317685132 40.94119735972039 -45.531524024913125 -53.85846976806236 -20.19227250553172 -31.291067956575382 -10.227567805605327 27.59630008270958 -17.966037207963385 -10.810464721156281 -11.93001177578044 30.253747712452665 -10.642169697882661 18.063022345128633 -6.70211090471732 -2.3294366839499916 15.937311905572534 13.616010613055003 9.538833610199552 -31.30651065059285 11.016917764971613 -0.37534194153285955 -20.761287134165602 17.639263929289605 -6.870430061451422 14.62333153954399 -8.017524885812092 32.72226898337052 4.403903149596149 13.744862675601825 -12.648229867913937 -2.3802975692914647 5.559193759640365 -5.209341900356974 -0.44821939271333355 2.9048203176191953 -4.342397865272885 36.84735858668917 0.0 0.0 0.0 0.0 0.0 0.0 0.0 
146.29168709506757 -13.544915335350431 11.092981471234962 -102.04102143440026 43.46337661186225 13.493082087980444 19.6650846993028 -4.3083106218556955 -18.444909625111194 71.95853489035099 -32.376523061714586 28.39356458864802 36.588209676468615 18.716964462807155 10.638606900605208 7.46695144094116 53.553821551522624 8.01644710220997 25.432893920688898 -38.49646347014082 -44.321897493974085 -1.2003592500680562 14.751462612569114 2.357144942096903 -24.574206443818152 -21.554941378828417 -0.4652882564456034 -8.991353544487302 3.619583205138567 -3.323718968088047 19.176280393942687 -1.750128072926688 7.563918301937065 -14.697103031752302 12.737957660693255 6.78570408482259 4.2083019820115615 1.9415850727250685 7.4486010759693615 3.70882594379026 5.6349574656597285 -29.676385530142603 -2.0473725214259333 50.13943664861703 0.0 0.0 0.0 0.0 0.0 0.0 
57.02772199023531 -13.595609512697164 -12.96109619638528 46.13407755547361 33.62486937127864 -23.500823169674522 -22.772558068972206 -16.163639598951214 -58.305520954560976 41.81668166351228 -25.385351647764104 46.107698330444705 54.941354130693114 -1.487585465891467 -8.387227188903003 -18.445597048499625 5.439643567633827 -4.553638710030974 51.52401470938597 -6.456389164988049 -9.203752271286865 32.63986082458998 -6.466699258487912 -7.449379456168884 -3.054488997612952 -9.002427250833126 2.288830493919391 -8.18975638178972 8.207382605780488 16.849118042215487 -24.982969423154827 -4.538133954060295 16.350571831330328 20.34206021328928 -11.5549867441431 13.409723030402713 -10.661608653739103 -15.018031210035081 11.809548563329551 -2.7584869107747103 -6.694371366439844 5.32868865779279 0.7193872812613211 -15.773941638364375 52.2311824120921 0.0 0.0 0.0 0.0 0.0 
-27.06345822791462 58.03824882573748 16.20710380481971 26.188049136658428 -21.237509209750225 -29.442613316590872 36.10417143078678 1.4132476898796724 -19.86494416090717 1.3786591464121953 -13.512808807698253 -1.2793054517754703 -9.290360936492531 -4.071815045978705 -19.874804034450737 10.379081927847883 9.259856952521021 -8.758507682625323 -17.666166820880704 9.015046377690194 -12.504330488058738 -17.57148921936544 16.249725039398314 32.20225124291798 3.076340110305468 14.803650532993485 -0.23751125341222415 -20.770068643128894 5.204849387855506 -9.214216170940833 8.602542128521085 12.115885944779977 5.284967219275648 1.746674736099882 -3.244382640012586 -11.895801220914306 -5.911433903717717 18.1455097865898 3.7186940267973423 3.2438443263841243 10.813731851250633 8.372229743247948 16.249941449229485 -12.792642362463505 -12.793826750137692 43.50013732443946 0.0 0.0 0.0 0.0 
-41.462259516618566 58.82125823643066 -19.24229100414527 -33.00928597687766 0.641342968816618 -29.825144384223606 41.00330999245968 31.918369839943875 31.352534401610026 5.366165151176186 -21.662476037841163 12.098256926666345 0.14859485773170916 23.783426007631345 -18.858506716858482 49.45248041881227 -12.7030926457186 -17.20707979765156 -60.28908602764563 -15.047503269243427 12.612795339937417 -17.04821718346705 1.7079115652533328 22.333695004896427 19.701416341871255 -1.3086077090104968 14.352969662953557 0.9577605928783463 10.571656737826864 -18.05424034109611 0.744602889606206 -1.2572551856502678 7.3849401407919 11.331575913704848 -3.330112251728899 13.595967431412015 -35.624658152687225 0.7301859967995401 7.301286907177918 -15.49881563821482 3.7451446320575266 -1.1058041436796346 -7.557923850916959 -0.06633280883084297 0.03512969187932761 -8.037341522819544 31.68201808009375 0.0 0.0 0.0 
80.30764967976091 6.358409043629744 26.56586503890729 68.43952464135651 17.115620622858145 -56.3679853340688 -10.775737205708054 -14.230969958225808 17.921297519047943 49.098875545723466 -27.106354002957143 9.215996495515919 -2.457524438389355 -11.183149825569137 43.719991840126035 -24.147538856437876 2.2031052654129115 -29.342047400754602 29.145847704412233 -26.65875594035678 0.5065900582416962 9.782066770777716 -12.816639939137987 -34.299608967416255 -0.14001255748485972 -14.81548907761542 14.332519317302882 19.959730737814787 -5.506188797229819 19.898331346147682 26.97835454151378 -1.546954384635192 -26.8009648011372 -15.53385298096908 15.008118201749403 -28.380452192663252 13.11696609636256 -13.06922335879241 -4.555422128570373 -8.976120771198355 35.09990743142529 -16.968224921059345 3.3615188766237365 9.019215167108108 -2.1090934402476424 1.161029710092206 4.570814283003762 49.33261703876724 0.0 0.0 
-56.72245158322152 12.545723056919428 -17.11728999173765 32.88441489839898 27.400181401649867 -12.330180706847665 20.33250787619757 24.562832657040822 -1.9294387269105016 -28.475311433262732 15.767321130042829 -9.379976308755067 16.297225847144272 18.69921127048395 0.26338283146799346 -1.970558961704118 -29.886387236362765 -9.522349979802167 -24.318189110324592 21.704080419594618 -14.650719817084147 7.629323355432108 1.5603077558654084 6.2055278421896976 8.44435848670712 -3.9743937454183094 -2.412753121447808 17.48972960726116 2.4325461678202176 0.1984712184849684 -0.02847907961036167 2.434445656520476 -18.567533972708514 -8.706122601388445 16.224199949293727 11.968600361623622 20.386967288602115 -4.829059707358228 7.901073600124498 -6.447560646656244 -4.93246434840638 -4.340208600642581 4.348532110975947 -1.4863014291337937 8.279511749587332 -8.264715411976308 -11.275170839039756 1.5029789822801356 35.473621187159026 0.0 
-65.26817929969009 22.186427600839522 10.251159829748907 12.249402025527512 77.95165612566144 -58.822499014891264 64.18478409826554 -70.35905326517097 7.307617612305673 53.122926089091294 40.43316862921257 60.34763191175466 2.4557849658497592 -9.6228133073805 75.58939520193864 17.377966699908033 6.9607171604348315 24.327187474158602 -5.556630248888575 11.994121578303467 -1.960445144449956 -5.292667220470273 -9.890643504094768 -12.633600642066304 6.447961613040829 17.969190080055572 17.443429418446147 14.788883500325245 38.8471923362979 22.95558733385588 -28.618985157464643 -24.706002665376293 -11.370761894210645 -2.1161804669443516 -8.024692330225669 -42.22082925814451 17.228297755801 8.840327044697615 16.596070907262227 -7.633166563781981 4.2131767867552865 17.901542262396195 -2.256545606203819 -18.824943592349843 8.306522202911907 -10.937818434472536 1.4302017485994554 16.602112283602818 -6.458314411025852 36.67888271073264 
