0.11488190173529286 0.045565618995612275 0.9101595245904072 -0.024193665751732447 0.3681033035091734 0.02599316759497642 -0.40107532952855607 -0.7251966090866894 0.003615452253977261 0.1833651511974068 0.010898579071480199 -0.3713144708425931 0.0654951607675998 -0.5207139179524434 0.5703414138199204 0.042565275499751136 -0.14202029549636702 0.08123840984552379 -0.5636581740518771 -0.25843811954903534 0.7086517082453009 -0.20699414445417147 0.07197866216963014 -0.3737772519766616 -0.43124670595237136 -0.8476876944317491 0.1090323026096841 -0.3612997557117227 -0.07165078363112094 0.2555649352882754 3.109875280869331 0.35719236339966287 0.47088696650011475 0.47763477410062505 0.09861650592641857 -0.6462621420945666 -0.2558933886418095 -0.036618918803184033 0.5050816000613115 -0.3806650689307571 -0.2542191370928984 -0.07864575487369603 0.7976221011899622 0.04458097737204049 -0.36250020264222266 -0.062209230448992105 -0.36279937975687904 0.2596649446584041 0.11279552182830307 0.11571538728934452 
126.79511057485328 0.0 0.0 0.0 0.0 0.0 0.0 0.0 0.0 0.0 0.0 0.0 0.0 0.0 0.0 0.0 0.0 0.0 0.0 0.0 0.0 0.0 0.0 0.0 0.0 0.0 0.0 0.0 0.0 0.0 0.0 0.0 0.0 0.0 0.0 0.0 0.0 0.0 0.0 0.0 0.0 0.0 0.0 0.0 0.0 0.0 0.0 0.0 0.0 0.0 
-13.963790651014863 124.83190468882087 0.0 0.0 0.0 0.0 0.0 0.0 0.0 0.0 0.0 0.0 0.0 0.0 0.0 0.0 0.0 0.0 0.0 0.0 0.0 0.0 0.0 0.0 0.0 0.0 0.0 0.0 0.0 0.0 0.0 0.0 0.0 0.0 0.0 0.0 0.0 0.0 0.0 0.0 0.0 0.0 0.0 0.0 0.0 0.0 0.0 0.0 0.0 0.0 
26.18705808301979 -7.406658178508532 124.20489793439292 0.0 0.0 0.0 0.0 0.0 0.0 0.0 0.0 0.0 0.0 0.0 0.0 0.0 0.0 0.0 0.0 0.0 0.0 0.0 0.0 0.0 0.0 0.0 0.0 0.0 0.0 0.0 0.0 0.0 0.0 0.0 0.0 0.0 0.0 0.0 0.0 0.0 0.0 0.0 0.0 0.0 0.0 0.0 0.0 0.0 0.0 0.0 
1.817416990950697 -8.330851013843583 -38.70232811916996 111.51799008368754 0.0 0.0 0.0 0.0 0.0 0.0 0.0 0.0 0.0 0.0 0.0 0.0 0.0 0.0 0.0 0.0 0.0 0.0 0.0 0.0 0.0 0.0 0.0 0.0 0.0 0.0 0.0 0.0 0.0 0.0 0.0 0.0 0.0 0.0 0.0 0.0 0.0 0.0 0.0 0.0 0.0 0.0 0.0 0.0 0.0 0.0 
-21.302861162993747 -2.698888161894141 28.128209881322046 15.870474733398037 86.98517046609528 0.0 0.0 0.0 0.0 0.0 0.0 0.0 0.0 0.0 0.0 0.0 0.0 0.0 0.0 0.0 0.0 0.0 0.0 0.0 0.0 0.0 0.0 0.0 0.0 0.0 0.0 0.0 0.0 0.0 0.0 0.0 0.0 0.0 0.0 0.0 0.0 0.0 0.0 0.0 0.0 0.0 0.0 0.0 0.0 0.0 
-8.865062496833337 22.751801627825635 34.274011302277934 -5.5646031205208315 -1.8145054279113446 126.38410012024573 0.0 0.0 0.0 0.0 0.0 0.0 0.0 0.0 0.0 0.0 0.0 0.0 0.0 0.0 0.0 0.0 0.0 0.0 0.0 0.0 0.0 0.0 0.0 0.0 0.0 0.0 0.0 0.0 0.0 0.0 0.0 0.0 0.0 0.0 0.0 0.0 0.0 0.0 0.0 0.0 0.0 0.0 0.0 0.0 
-22.49050966657138 59.628926648547036 4.493467031722945 -25.13307126100861 -1.1355892152952922 -19.18281769585763 100.88815718563833 0.0 0.0 0.0 0.0 0.0 0.0 0.0 0.0 0.0 0.0 0.0 0.0 0.0 0.0 0.0 0.0 0.0 0.0 0.0 0.0 0.0 0.0 0.0 0.0 0.0 0.0 0.0 0.0 0.0 0.0 0.0 0.0 0.0 0.0 0.0 0.0 0.0 0.0 0.0 0.0 0.0 0.0 0.0 
23.79241646521785 -15.206188679056483 -32.100954094522656 -41.10820928387396 -13.226399179287897 -43.274696581564186 -22.9447823053673 102.40632394984185 0.0 0.0 0.0 0.0 0.0 0.0 0.0 0.0 0.0 0.0 0.0 0.0 0.0 0.0 0.0 0.0 0.0 0.0 0.0 0.0 0.0 0.0 0.0 0.0 0.0 0.0 0.0 0.0 0.0 0.0 0.0 0.0 0.0 0.0 0.0 0.0 0.0 0.0 0.0 0.0 0.0 0.0 
27.044026770275735 -11.764565447710705 -1.464859413435809 -2.978393945801778 -17.570613011534864 -13.374587430745425 -13.074213400659483 -9.400899900533274 97.95005640934447 0.0 0.0 0.0 0.0 0.0 0.0 0.0 0.0 0.0 0.0 0.0 0.0 0.0 0.0 0.0 0.0 0.0 0.0 0.0 0.0 0.0 0.0 0.0 0.0 0.0 0.0 0.0 0.0 0.0 0.0 0.0 0.0 0.0 0.0 0.0 0.0 0.0 0.0 0.0 0.0 0.0 
-2.102740522245678 -46.34453421507758 31.01012771956288 9.843521078901135 17.348152671752622 -2.6776086375009176 -22.130890224809615 -26.42744999346622 15.472931340509732 88.70314012322221 0.0 0.0 0.0 0.0 0.0 0.0 0.0 0.0 0.0 0.0 0.0 0.0 0.0 0.0 0.0 0.0 0.0 0.0 0.0 0.0 0.0 0.0 0.0 0.0 0.0 0.0 0.0 0.0 0.0 0.0 0.0 0.0 0.0 0.0 0.0 0.0 0.0 0.0 0.0 0.0 
-53.20821964822359 -28.433327607610973 -51.84007160155075 11.115382937982133 14.831330091190429 35.84989453678138 4.684948455001128 -5.8796340537008795 -3.3503114729357995 -12.287139153491253 91.08182366499436 0.0 0.0 0.0 0.0 0.0 0.0 0.0 0.0 0.0 0.0 0.0 0.0 0.0 0.0 0.0 0.0 0.0 0.0 0.0 0.0 0.0 0.0 0.0 0.0 0.0 0.0 0.0 0.0 0.0 0.0 0.0 0.0 0.0 0.0 0.0 0.0 0.0 0.0 0.0 
26.931365176565272 -7.039070041386492 -116.48388504903217 14.262973584058246 -28.6226787662196 -9.731047107608575 -26.723103714839596 -18.22284959581643 -26.234432422807053 53.7103598887868 -26.44489642401406 116.32311979473936 0.0 0.0 0.0 0.0 0.0 0.0 0.0 0.0 0.0 0.0 0.0 0.0 0.0 0.0 0.0 0.0 0.0 0.0 0.0 0.0 0.0 0.0 0.0 0.0 0.0 0.0 0.0 0.0 0.0 0.0 0.0 0.0 0.0 0.0 0.0 0.0 0.0 0.0 
9.927844120741764 17.926706183478263 65.79315003303635 -55.03698664993593 28.01638763970648 32.25354896498978 11.562172953753986 -26.246480786214907 -6.912607983937572 -19.611451805182927 5.8630156260590045 -29.136616127001368 90.55399406500518 0.0 0.0 0.0 0.0 0.0 0.0 0.0 0.0 0.0 0.0 0.0 0.0 0.0 0.0 0.0 0.0 0.0 0.0 0.0 0.0 0.0 0.0 0.0 0.0 0.0 0.0 0.0 0.0 0.0 0.0 0.0 0.0 0.0 0.0 0.0 0.0 0.0 
-26.39678184282977 -8.533131978934774 -53.01337207301299 6.566191544257254 -27.537611945286475 -23.953956762780944 -2.90835911899801 26.2383000062718 3.627951610818761 5.929607827750814 -6.815331835990911 9.63819208327787 -36.583462768110955 76.53394391639362 0.0 0.0 0.0 0.0 0.0 0.0 0.0 0.0 0.0 0.0 0.0 0.0 0.0 0.0 0.0 0.0 0.0 0.0 0.0 0.0 0.0 0.0 0.0 0.0 0.0 0.0 0.0 0.0 0.0 0.0 0.0 0.0 0.0 0.0 0.0 0.0 
21.085291424756004 26.506457849876387 50.94829352630868 -24.591983197664078 13.0698185629863 -5.83313691060727 -19.21551156431262 -33.478304553873855 18.404003789851405 0.916381480719515 -14.000542826290944 3.3381898022637606 33.64512541599116 -20.34053907044668 110.92490553635905 0.0 0.0 0.0 0.0 0.0 0.0 0.0 0.0 0.0 0.0 0.0 0.0 0.0 0.0 0.0 0.0 0.0 0.0 0.0 0.0 0.0 0.0 0.0 0.0 0.0 0.0 0.0 0.0 0.0 0.0 0.0 0.0 0.0 0.0 0.0 
-9.302565136297396 -51.29453899610418 -44.78107050262936 -4.732636695256872 15.590725355635781 -13.562070537271003 -6.682116342741401 -33.671877468852756 -27.16941225741322 30.14593525532733 45.91430507955959 22.632603249083388 1.9945378105376985 -7.961778155628823 -2.4977973170420777 81.66341064873224 0.0 0.0 0.0 0.0 0.0 0.0 0.0 0.0 0.0 0.0 0.0 0.0 0.0 0.0 0.0 0.0 0.0 0.0 0.0 0.0 0.0 0.0 0.0 0.0 0.0 0.0 0.0 0.0 0.0 0.0 0.0 0.0 0.0 0.0 
35.789778106786166 38.60503244115864 -36.40795502672298 -31.35203981562904 -11.685131244808968 -7.820443319765696 16.003766709729543 5.589969265467105 10.66517997424369 -12.97746593999507 2.223469275590001 -5.395367194586073 -1.953650272425552 21.01377542708781 1.1555740857657204 4.1531535019822705 78.69568528998049 0.0 0.0 0.0 0.0 0.0 0.0 0.0 0.0 0.0 0.0 0.0 0.0 0.0 0.0 0.0 0.0 0.0 0.0 0.0 0.0 0.0 0.0 0.0 0.0 0.0 0.0 0.0 0.0 0.0 0.0 0.0 0.0 0.0 
48.89658979503806 52.67303563472049 10.048724852129453 13.708679127413996 -26.095860143190063 3.8834511202483606 -6.8648857756011425 0.12977395301693664 11.980141304349596 -49.707041389883294 -0.8527760088345135 -23.217853672316775 32.41458412586599 -0.48307659241593215 12.296492053191665 -41.73228902306469 0.6532723820407488 67.50651188145083 0.0 0.0 0.0 0.0 0.0 0.0 0.0 0.0 0.0 0.0 0.0 0.0 0.0 0.0 0.0 0.0 0.0 0.0 0.0 0.0 0.0 0.0 0.0 0.0 0.0 0.0 0.0 0.0 0.0 0.0 0.0 0.0 
21.20597440744814 -71.8933392201756 -53.387375438399296 -56.87456624768225 -26.66668644162779 19.748684383750064 -32.976127209591205 9.680942691422011 7.22332578829532 7.2684569382210205 -18.863613739768073 38.218678234584594 9.61254498226529 7.548193870395232 1.925749738448143 29.760287266327374 14.37414577178615 0.9773390711697534 80.36082726317844 0.0 0.0 0.0 0.0 0.0 0.0 0.0 0.0 0.0 0.0 0.0 0.0 0.0 0.0 0.0 0.0 0.0 0.0 0.0 0.0 0.0 0.0 0.0 0.0 0.0 0.0 0.0 0.0 0.0 0.0 0.0 
0.31074737629777965 66.78806093359519 13.46402765590325 14.935597130534237 10.608698370737953 28.679559635517073 49.82406924947247 -18.842126445550353 -31.41252422307632 -8.96350495491521 -5.700694178663064 0.5042201692397017 -28.307288887228893 20.96478867409708 -3.732968613639764 -14.176817799037952 19.51787806206852 -10.870740666443542 -9.427574508537154 79.79328271891443 0.0 0.0 0.0 0.0 0.0 0.0 0.0 0.0 0.0 0.0 0.0 0.0 0.0 0.0 0.0 0.0 0.0 0.0 0.0 0.0 0.0 0.0 0.0 0.0 0.0 0.0 0.0 0.0 0.0 0.0 
39.017554059080624 -94.78523090762494 -26.640765198287365 33.68454610581213 21.07596813242002 -24.5628944684848 -35.676464260931674 -20.965213557058874 1.251197436761244 53.82495574482302 -28.430570877559674 35.41085476541683 35.38477656049223 -16.183691123238702 1.0115749102878997 42.19599891558806 -13.03029385004709 5.772376998593298 24.090941320479004 -6.010589766743478 75.02480544482523 0.0 0.0 0.0 0.0 0.0 0.0 0.0 0.0 0.0 0.0 0.0 0.0 0.0 0.0 0.0 0.0 0.0 0.0 0.0 0.0 0.0 0.0 0.0 0.0 0.0 0.0 0.0 0.0 0.0 
-3.763668498336105 36.01632282231318 28.85603112842151 45.056292476823614 7.0989239026141435 -9.626478755941651 -24.195666269442643 52.654346778496084 -10.767076625221124 -18.68841246625807 -14.367595100236343 -27.4441308092201 -25.624555172291636 20.67856592387092 -19.78527347586361 -15.420500366212345 -5.03659035799916 23.878833267987662 1.5087323730634845 7.999659742772551 -6.73618955511275 56.38896175781498 0.0 0.0 0.0 0.0 0.0 0.0 0.0 0.0 0.0 0.0 0.0 0.0 0.0 0.0 0.0 0.0 0.0 0.0 0.0 0.0 0.0 0.0 0.0 0.0 0.0 0.0 0.0 0.0 
-32.491615206906765 59.571218983504444 49.718931954100285 9.113415283981155 4.374979022661383 12.320331446808021 23.597917560199726 11.802630743279204 -17.039905230506935 -2.9435415548990944 5.626446727581185 -3.2857872447973056 -9.420923615239344 8.010650294523439 -23.760385388850384 -40.031984707859806 6.53896895299613 -6.197732844598638 -36.87801555450695 -7.167423728659374 -12.223805753358661 14.08873905475995 62.068133814401556 0.0 0.0 0.0 0.0 0.0 0.0 0.0 0.0 0.0 0.0 0.0 0.0 0.0 0.0 0.0 0.0 0.0 0.0 0.0 0.0 0.0 0.0 0.0 0.0 0.0 0.0 0.0 
-24.816842822885324 33.770494493463 -56.60309247190626 -22.922461679459257 -18.309255355575182 5.540913099054229 -8.377890104190092 16.346427471233895 -7.60636524491153 -42.06452117702224 30.46214840961574 -21.806362168244497 -4.246544728227707 18.176412756820522 -17.62135875818406 -13.510997091177106 2.1327518050318948 7.727040065482106 -11.023240697414245 -12.1256616623593 -19.971594334616157 -1.036009236372743 30.45987539329336 65.79919138683009 0.0 0.0 0.0 0.0 0.0 0.0 0.0 0.0 0.0 0.0 0.0 0.0 0.0 0.0 0.0 0.0 0.0 0.0 0.0 0.0 0.0 0.0 0.0 0.0 0.0 0.0 
-28.37772728802623 17.343578599532957 6.020457275618115 -24.370657481709458 -9.886219548514129 -11.466477682676043 26.201752441695668 -9.514104406667695 1.8815587535732308 -19.594346755566953 22.973805628602346 -21.191665744883426 -14.267942450485892 11.031719911010722 16.270420380778805 12.187548611962713 21.666246016140686 23.47935433730453 -10.293337756862739 14.683563239185151 -24.286448158552677 8.030763992837693 -10.821355884225762 -10.149867997239133 66.51636941844264 0.0 0.0 0.0 0.0 0.0 0.0 0.0 0.0 0.0 0.0 0.0 0.0 0.0 0.0 0.0 0.0 0.0 0.0 0.0 0.0 0.0 0.0 0.0 0.0 0.0 
-27.924155533576887 9.920107568973433 60.345119250517264 14.075405795396607 3.5438853676588993 32.699228468746014 41.60405486204882 -5.68370501772108 -5.2822009082182175 -19.024271717349716 17.49850264180639 -44.815176686071034 9.96433414235493 -5.982410625680573 -18.43676678911351 -36.86767197169044 -9.169621932279082 -5.592507447529855 0.8552522141102897 5.913971739983082 -12.352898074458677 -6.212139152597337 2.5382022219168343 5.990124166719456 0.48607296304105063 78.61950645582118 0.0 0.0 0.0 0.0 0.0 0.0 0.0 0.0 0.0 0.0 0.0 0.0 0.0 0.0 0.0 0.0 0.0 0.0 0.0 0.0 0.0 0.0 0.0 0.0 
-4.242784654057822 36.50274572528296 46.030849108755234 -16.749023584200827 6.735861928442397 1.2075660328891966 36.716880700558995 3.75529832205147 -29.23354181507685 5.007108515707062 -9.613653977939682 -6.479423970477584 18.3896502521949 11.611971209606411 2.9248661109411387 6.262541175095335 -8.675402326379764 -0.3711027061616815 2.0304051120842144 26.031530969501468 18.75356221376673 -3.6869678385094566 0.46261709317939653 -10.013384986399284 3.8033681479942367 23.565977815499778 58.10025490567308 0.0 0.0 0.0 0.0 0.0 0.0 0.0 0.0 0.0 0.0 0.0 0.0 0.0 0.0 0.0 0.0 0.0 0.0 0.0 0.0 0.0 0.0 0.0 
-6.299856624811569 -30.881608046448466 3.1516275090460404 -20.30339171547661 2.796787897058423 -26.26483693336777 -6.863429324261305 2.6636796892614885 -2.40431852919523 23.58839339804645 8.879765569581915 -18.577390543169255 -15.683198844703622 -11.234092249461167 -12.983610288519062 39.97220558585281 -13.5278734763654 15.194670307112787 -10.396359409335075 8.73804230842873 5.418198818010022 -13.357474263416822 -2.419236990288354 -4.623189218053361 3.8026296207052965 16.88153179296937 11.107262283295517 47.7260857298517 0.0 0.0 0.0 0.0 0.0 0.0 0.0 0.0 0.0 0.0 0.0 0.0 0.0 0.0 0.0 0.0 0.0 0.0 0.0 0.0 0.0 0.0 
-17.801224567153405 -41.515354865957825 11.052930111650403 -22.572792874026188 -0.8518832612829734 -7.388851607072647 -35.62700325333471 -17.767791700477037 19.692944203499547 28.305326972161183 -17.82742783022073 5.298957618258712 6.121497743964689 -16.17559382489991 8.740316467664268 27.66028626926761 -9.472985075215892 21.106002158214682 -6.789935113910998 -1.3653254756540054 -8.520793482618108 2.7844972772349794 1.1779174487401032 3.6008901732719054 21.0356076923281 -0.9747739339364498 11.042803339365314 11.596913253428266 60.80701858564603 0.0 0.0 0.0 0.0 0.0 0.0 0.0 0.0 0.0 0.0 0.0 0.0 0.0 0.0 0.0 0.0 0.0 0.0 0.0 0.0 0.0 
-55.10133067259075 -43.36184176699891 -10.275536074617563 -41.590795837554005 1.5818594557477337 1.2366898699945408 14.84925219906484 -11.702817081978152 26.909271106556417 14.983722467795275 29.188226773009678 -11.44799665456438 -26.72897607723217 7.200601891892723 5.210298215610633 28.991429320265194 5.14300078334692 -12.56993957413167 17.968348061404242 -3.0745339554288647 4.701662570612449 -7.500212927063741 -9.577767121608987 -26.778956047152683 22.61494289813436 5.077364537752234 -1.9146229654982054 -6.044959365160991 7.681511985463916 60.033568118014 0.0 0.0 0.0 0.0 0.0 0.0 0.0 0.0 0.0 0.0 0.0 0.0 0.0 0.0 0.0 0.0 0.0 0.0 0.0 0.0 
-2.8793670079304956 10.729885527517805 -55.63620560325819 -1.8875805183938545 16.483161112676484 -9.614224304153517 8.639624744633592 -43.108674934319374 -1.7524350672817617 11.064770206891179 23.98507102510861 21.46330870057967 4.872448939938609 3.7900263030207837 2.2741155214067867 28.936338342207794 15.062836800726721 -17.756008333540482 6.298841604795231 -26.232706361782807 27.495612331455728 -5.423177436501091 21.842344974472823 -16.961207720275535 15.20660624805261 -73.1860376234145 -0.7254066888392576 -12.382885335725108 16.915613731401848 3.5134344129525976 77.37538193756389 0.0 0.0 0.0 0.0 0.0 0.0 0.0 0.0 0.0 0.0 0.0 0.0 0.0 0.0 0.0 0.0 0.0 0.0 0.0 
14.619118178082033 -18.588760347538404 32.13449220605611 -29.67552883271998 17.63328385645893 9.556482954077426 -14.158040840312543 -4.778648891303667 30.870928188878125 28.551569988004502 -3.118387201183243 7.181224803603814 -3.3243898840059134 3.0743770001715887 20.741457980820197 14.04993643897148 11.643676403018246 -5.973734520315736 29.64811646294142 -10.813017318161185 -3.5992883991273947 9.117303705142605 -4.931049989661247 -8.769157216110388 19.191582030827398 -5.412207379557708 -12.296225119267941 -11.027196379824158 13.59474268849652 -1.233965901173837 6.448856963177291 57.589087698196636 0.0 0.0 0.0 0.0 0.0 0.0 0.0 0.0 0.0 0.0 0.0 0.0 0.0 0.0 0.0 0.0 0.0 0.0 
-11.190973623152367 -76.2181864627254 11.167290499373735 -3.3693071921424687 9.932416882233204 -27.183810829633337 -2.721185140153383 -0.6184789376693538 10.182376119340775 41.75240294991161 5.7166818199615035 -0.042345105302598524 -11.632025613305848 -11.830001188330485 -27.67218673983635 18.214735191508623 -13.35510949708998 -18.957487945615302 -3.122864842289156 21.956473636035412 13.550742203180201 -17.89942242071153 -6.563709451596287 -0.7588707350951162 20.832614014319702 39.60754025989324 -12.581721765163248 11.729273764937671 -5.9665368208876135 17.71746710149208 21.490438226473657 13.528569957717583 48.68743262134027 0.0 0.0 0.0 0.0 0.0 0.0 0.0 0.0 0.0 0.0 0.0 0.0 0.0 0.0 0.0 0.0 0.0 
24.524462483412947 18.07338091322117 69.15744494092797 40.56076001608124 10.89335401623223 -0.5993479571931288 21.94913391320108 -5.677336530895388 -25.313863519121 18.69845717346207 -26.99910206085697 2.7701593119639925 25.661069868245363 -20.75500774605919 26.44516584913077 -9.444959251418966 -23.641213055859694 9.855275388312622 -27.050922100706735 4.112796667887895 6.002528931055556 -13.960725935216903 -7.924427775472558 5.083208928282359 -10.944575600816405 -1.0190434258231285 -1.4382392232680947 9.44546536893969 -1.2519711369482234 -9.442759505400385 6.2930914297781655 -10.250141345788677 -0.8871698293974293 61.09142518495812 0.0 0.0 0.0 0.0 0.0 0.0 0.0 0.0 0.0 0.0 0.0 0.0 0.0 0.0 0.0 0.0 
-20.13412311632781 15.301755574414477 59.550073265546416 -1.2949302303616537 6.055669084987079 6.505249596755991 -13.035168800463174 25.54750320807186 -11.697525510265129 25.813729662346493 -9.581413007879632 -16.467221502678566 3.442183343823796 -10.534651616987373 -39.484398692958806 -0.3915120353300936 -26.98481467084864 8.34786960054632 -25.94634547994008 -11.0710113006622 -4.820803994692426 -7.22182263231314 22.478354252540584 10.93773236359999 -4.825717322695697 10.825469358732558 2.8303556345093925 5.011124470310305 2.173715047344776 -4.821109396802595 7.745941588220409 -2.965919298339369 8.142668766680673 4.205571747582211 44.593390992508695 0.0 0.0 0.0 0.0 0.0 0.0 0.0 0.0 0.0 0.0 0.0 0.0 0.0 0.0 0.0 
27.03782704204302 49.58705708905568 -20.588718831065766 -42.74881995506413 -32.99064743367268 -8.765182895881559 5.581260153446495 8.43311359908885 16.640317519538495 -38.79894274763826 -13.329648579359375 8.258062564655502 25.040470756344515 8.598748225652137 38.15798721999987 -36.4107377835268 20.741132297771504 25.84349225076356 14.319279176856886 17.219969794567735 0.537070171142511 -5.401015985036277 1.4766125686778804 4.414052729691486 -3.287222400017696 19.242757651854152 1.5796358811957205 -2.037544455764837 11.122283417380132 -18.66871689237365 4.927433778627644 1.793054741854546 -2.336305796925948 -12.651559280837281 -1.9339292490893898 39.93466218678272 0.0 0.0 0.0 0.0 0.0 0.0 0.0 0.0 0.0 0.0 0.0 0.0 0.0 0.0 
-10.61028744180656 87.37245186941159 42.36093619433179 -15.393482679424721 -23.36629571398639 12.568562540416416 33.42402464545221 18.205051311170486 3.593617186854945 -25.454032737427344 -1.347631450093298 -11.814499842985887 6.846467353816119 -0.019971730772406132 18.985584608894712 -37.60259769650298 -13.575269955669004 7.30027245670191 -31.398642981966553 -0.7584395041951357 -7.86681575255465 -2.9589366841654785 11.74767978680361 11.8188629705385 -23.303523609871572 3.816887097056173 1.3892517935693123 -2.4353418616445905 -6.8208540847817485 -19.795459776253406 7.339057483457598 -13.5054870035288 -13.386284944092512 3.5399049647881107 17.788718391370644 -0.1474827181602389 44.195912563413955 0.0 0.0 0.0 0.0 0.0 0.0 0.0 0.0 0.0 0.0 0.0 0.0 0.0 
-14.29567782592165 -10.148098452215356 12.611689746453997 8.696378576501065 -12.04432354848806 10.706842375035604 -30.713704003748486 -0.8592133766358055 23.252322795452322 14.209712216888356 -11.527219813207694 -16.842269495883695 -12.577242741907233 -3.8207701028627827 7.219918931105691 -2.4717571502515634 8.970063706849858 26.50372134386292 -0.8016509520609413 -0.5726713279019425 5.628574334264662 -19.76715907171845 19.965266945682462 -21.02467388203385 25.061540943819793 -2.5706579465985517 0.3683899269838692 -8.966418698686395 3.3536126426095936 2.17644109793379 -3.4177874531827 12.733454784802516 6.827004615796058 2.782455944042042 13.959796177085037 7.239527839145781 4.754877032033333 52.17729615348857 0.0 0.0 0.0 0.0 0.0 0.0 0.0 0.0 0.0 0.0 0.0 0.0 
-4.408846391272791 7.4637383904658225 14.440040258473303 8.30043215033119 0.47990292837573767 35.63819611889546 -3.1898452972379867 -13.111661726742685 -32.595328802738294 -17.428262848879616 -4.218952860557127 25.028277780075147 5.930907908932987 -13.427867898032947 -23.95594401031328 10.437034385322084 -23.303512166844293 -9.870011977033956 10.941028610368889 6.056726567298906 11.41964172622331 -14.590336083827701 -8.576537856037836 -8.610670532062569 -6.802082421591159 -0.10912889488625738 9.171403030702887 10.474884514607714 -14.255617848859039 1.8523713207803745 27.757340057733387 -4.09599031810916 1.6981710604091114 4.4492373364339635 -3.090961377346174 -9.92711685388563 -4.238505837764609 9.14388446387035 59.33979724531213 0.0 0.0 0.0 0.0 0.0 0.0 0.0 0.0 0.0 0.0 0.0 
-18.67660495699639 31.868477158406925 4.973889678811268 2.637353698981094 -18.825553377766724 6.019119404142395 24.562364419908576 24.770741284265142 6.128060371219173 -53.88437302583003 15.394274035191224 -51.73394682326611 -2.715615856532009 8.197571144274125 -40.469643347094525 -30.533283579931602 -1.2476369301131105 11.217701426459403 -17.88496741047337 -1.325239424370112 -6.474074935504621 1.656136979874263 34.543627124905946 16.33864499081713 12.936132988095865 5.230174786972397 12.10929656500577 -2.045877529614367 16.64782842184262 -6.100093635458133 -5.526890264826744 -19.749546206088073 3.8123946146025514 2.213740055127845 9.57099895984885 -7.284325500226742 13.285042444924333 -5.8220428778448206 12.897956370889979 45.78666338806096 0.0 0.0 0.0 0.0 0.0 0.0 0.0 0.0 0.0 0.0 
15.688248915980754 63.296198456582744 -25.27009247177031 48.403764258511465 -3.4445367907140185 6.850024577264671 2.4354339622176155 -1.7250610313914891 -27.116739127181663 -19.602093703721366 5.585264992727548 27.418538478966337 26.03934237903543 -25.61923823879999 6.182623681722967 -30.12088948065362 -15.105222376785012 22.211280969471908 -15.918434505502843 -19.881454549059033 -3.190307518218312 11.16672388562046 4.850398668139655 29.013048138032726 -24.545417470228138 -3.4352258608942807 2.333243061075893 -3.680269260525869 -1.0951439213386132 -12.679528510833165 -18.01593168814108 -22.580039519960806 -20.01949802985543 6.345902448150305 -16.52968024120711 15.762678616893632 9.69793667529971 9.475091279928476 -6.4181189413319375 -7.051896304595559 35.936550088219555 0.0 0.0 0.0 0.0 0.0 0.0 0.0 0.0 0.0 
0.9540264759364286 28.59767406264848 23.492921259590275 -20.49395825102523 -8.78434624339276 -8.476523249584272 -2.3818149480464457 -6.962418114391611 -7.530010375989952 -3.060052620159538 -8.78149681742823 0.5635823442563929 12.41506904252396 -8.484450801235868 13.789494894036663 17.288943221977622 -3.8237909355449418 4.951986810331883 -7.645748250923924 -2.83168448970182 -10.592622656519563 -2.371833727452214 12.402009747156363 8.412368442763672 5.115387684646746 -10.117631066480456 13.375163208471129 9.778284815095827 -0.2058892989447843 5.298424269550086 -2.703893281601889 -12.065637792128925 2.2966421689857897 9.612873041596522 -3.3310547979677105 10.763572475635398 -0.6175205448250899 -3.76816805762945 10.861014135214647 16.217037247710152 11.532682108187396 37.48022582937505 0.0 0.0 0.0 0.0 0.0 0.0 0.0 0.0 
14.460418221654267 16.146667709251826 53.61322051030464 16.34304452770406 -8.619457752725577 -15.832311755505005 21.67537677724964 -0.3476655877969867 -15.22768297264848 -8.19686733524657 -25.940335177897683 -14.317862541961881 17.620538570120665 21.20002980349495 2.052792927935341 -0.3054041902693971 2.2277559930262454 -5.045974162594337 -13.645228039850803 10.461034840900039 8.929719905634256 27.078814002625297 -2.0089725772913485 -0.48950110695479226 -1.5488846889833783 -15.373573548674896 -6.873842711850994 -2.8151575414205547 14.993314103636658 -4.311623850434136 3.1902546216544927 8.379054192790027 23.28729061251518 11.95617884713287 13.928449551298073 -14.697486290512241 -4.477123182733783 8.06274578701623 -10.689088213439744 1.9241232887550357 -10.052103887575193 -18.92318349882431 37.14491089281171 0.0 0.0 0.0 0.0 0.0 0.0 0.0 
16.741880911405648 -14.684118999538534 2.3831936666764753 -24.670406693736776 3.5693590277103913 -16.105441893231173 -29.36857133240973 15.912268332004876 14.298137857053995 16.38526216094339 -40.51073888284892 4.286969908033597 27.250132024907618 0.402288983711865 -7.859298317184039 -10.436836965051395 -16.029301612272626 -9.517328224385297 7.25695335608699 -26.282976191440124 2.6004375654088894 -2.24860801223757 -0.13161965466001685 19.037973656978462 -6.219712267044055 3.4723883999459675 -10.75500990188902 -18.830822209052158 -7.236861021951503 4.95425640011831 3.1519337185757332 16.758436997011163 15.936752337089967 -18.83026404572016 5.962192546486846 -3.7724780622147622 6.581739258678073 15.36668417155571 14.415958705619579 0.5259931267221933 -3.994689378638905 -20.53280376612623 -7.517812774305678 42.33910133366245 0.0 0.0 0.0 0.0 0.0 0.0 
-15.765433490526846 -68.11600237048269 -72.57830025657069 1.6557406015151386 0.08300264090376964 -56.50775464717315 -27.845129713085942 6.683939219769683 9.121430928149511 -4.558527053634474 39.112918325282365 3.1956692708887733 -13.366012503387283 28.64643986440934 11.302834430322937 12.455272707508712 11.063899947629995 -12.135519916954625 3.7641602930428784 -26.240115731825806 -6.621699831051069 16.120776954163045 -2.3115181511861227 4.620462532432665 -13.186876661614399 -9.63171644135073 8.368065802116146 -15.056906668888397 -3.484987332122969 3.8642823839532743 -8.809592979986455 -17.471918149654645 -0.5414368151339691 11.440574298896893 -16.479566754028095 11.423236501455934 1.3870329730225703 -20.141519667474103 -11.87630565864129 -6.341973724274323 3.8212064800222887 -2.051435772605835 0.2538194890775233 -17.418865949793815 46.103780896515296 0.0 0.0 0.0 0.0 0.0 
-19.756319256841877 26.03143442342842 -6.169946259470664 44.96109869818882 -33.73431377320657 -14.59974603647833 16.044049498892477 -17.479844761847755 -4.130127653524367 -3.014212220040706 -12.265892343884271 -6.097244763010178 -31.115751919894215 25.80761622629758 -4.47828246659238 -21.99418730793036 -15.471369890600696 11.213128825170383 -42.31987092114947 9.302566487334001 -45.734293139367914 7.6941770490682435 8.564951331387146 -2.846229797196536 1.481008786136981 -7.86832108054053 -13.554438108459006 -13.355058711028397 5.79387395633747 5.397204004901976 -0.8541569243659172 -3.578247573569869 1.449196298805318 4.483177515980741 -0.5545246811542625 -2.7217627289090665 5.7047955537673865 6.0565381824253235 -4.937061380190321 5.103174756224191 -9.167999761506788 -6.571311861964588 22.224935842075457 -18.068755841792303 -6.002706843275941 47.911277676403444 0.0 0.0 0.0 0.0 
-55.581165841255526 18.391308043217567 -24.04338143149417 -19.62792158567152 12.277148291531532 -30.350807442512597 43.759982737405444 -38.66167948737391 -4.118935343810919 2.2601264870174815 31.84099654154231 -1.1312119888007572 -9.795275397071004 -13.70333195392116 1.9409581801280658 35.26025503413021 -27.008407567828183 -3.2808808922504076 -8.007597801405423 -7.814544217910772 -7.701868237360304 -19.21112987619579 -22.564860082477555 13.157092065590723 20.995956931184374 23.924843834375665 17.26831607928746 10.289509908704371 -4.6634880362827404 -10.656737375560079 2.769756397273616 -1.9207240509339256 -3.3519674004545177 -13.661369660955678 -2.6939956008203416 9.677372150212367 -26.67891935826167 -2.2340919415721183 8.82305752887984 -18.086381206388257 8.556951149902098 2.4823392506381317 -11.779768505104336 5.280152921521182 0.9801540090905021 -11.334540373899952 28.81194830408241 0.0 0.0 0.0 
35.80585217089188 -58.63547178462973 4.862766820612377 -20.240775769350584 10.368408575161883 -7.935755296436642 6.433257825651612 1.0515757806384998 13.576855972845484 31.025577139949334 -17.975739168460716 24.12557605436726 2.0954795097068146 8.390439155796809 16.54218238366732 25.861274218444954 3.8713505036223923 -8.100788057959505 40.87277518619526 -3.19282519564639 6.673608798477295 3.7765015394985504 -16.179400008906992 -14.521048474402408 7.602824157022308 1.2984201224386291 -10.635954130678918 1.1624239449218805 5.505555212841287 18.094979347462402 -0.9652704877871106 6.7217208233266605 -3.0263459567556055 -24.04442074894024 13.569167410180071 -11.35950789318643 6.49843579523852 -11.184984805011682 -3.7841390387187297 -1.822866721520878 22.031754783406328 -10.618934726604637 -2.2466894280634855 4.92866069234679 -0.2250070229823424 -11.071043445969467 7.336459813514742 40.76629561237134 0.0 0.0 
-63.80622535391842 -37.39723483408789 -9.744038577519824 -8.837207605930896 7.728294949002955 33.17179974282132 20.91750445257184 -22.78231536603476 -28.82063860184192 34.32554562683579 1.4409946302566674 18.864574910914925 -30.835912449816565 5.644270878893874 -39.76057543982156 32.40762650287618 13.069534438709267 -17.703804340518825 5.980129283046151 18.78385367487178 20.567799667224534 -13.919303010099435 5.469257058879618 7.485114310109284 24.097444636732995 -1.8917663450295277 -0.7985998145420977 20.911867936809077 3.6329797015063994 9.169739312132162 17.026413396401658 16.567194180471198 -6.5303386220538 4.553165178777103 19.634604113626175 -8.879065002792322 7.612425774210326 5.591481847723465 23.103651251481125 -4.945017260571645 -9.950014371762933 -10.973452921633903 2.480566874035367 0.17083109192786688 1.9021309947447345 -8.279989475912043 -9.138957003606238 0.15268715612218067 30.946017573551316 0.0 
2.8327347278712454 7.633645890722958 -18.808753050823533 -0.7840460724671469 -15.085794348687578 21.324983795307627 -24.87607685968902 -23.00567534609811 7.236857133312082 0.7660140875862536 -28.038768082615185 45.42524621079722 -15.330896766327417 2.7058229670487393 -12.053035995382245 15.117146309801393 -15.576348267707123 0.8115963454421894 14.993838524207776 -16.983732228950757 -11.640851680584188 -6.4313088134763445 1.5547505175302083 -0.5708446872937648 4.105519688880174 -8.143330819233164 10.53269533051291 -7.101529524694726 11.679516257646888 16.594160002414316 8.029354338573585 -2.0682936057570167 -2.65099151346132 -4.32984739867501 6.867720829837085 -20.05344873481025 18.096420792425793 7.644803428828379 13.672359707768116 -8.239338901012745 20.663188146368462 21.564666432283158 -9.481819878668198 -8.985468783988967 5.959998945650923 -15.008310482992888 4.30048475662168 15.507438359169978 -4.948648588559603 32.81434101021702 
