0.012772420558075044 0.07856370175891969 0.02008185688965991 -0.18613151704812966 0.27820966428113864 -0.31790077613483825 -0.33065413737866023 0.13051056823741414 -0.20005605299374477 -0.8370409845717204 0.15093466150643742 -0.13566598220322282 -0.3220006470381229 -0.0980790842245331 -0.19305182409421037 -0.27160129331270005 -0.11500974785959753 0.14019349221096028 -0.5724915900457924 0.23091575357250893 0.04252593511757689 0.15202948202738417 -0.1042597916157427 -0.23087100216095638 -0.22271640822124497 -1.5783245236369225 0.0858943962482592 -0.5859578259742199 -0.3196219539179444 0.21130308111058932 2.6065898313589875 0.11981433051115006 -0.3890231275243577 -0.4712993439816894 0.2532347685190227 0.2755423790283804 0.07089871306737922 0.19865945689177672 -0.06561380218088571 0.13501569953317075 -0.14300849622956854 0.0754972825465986 0.3271668076266015 -0.4055162848556215 0.136615024165701 0.07564077615916072 -0.19543317715024933 0.05914909372226497 -0.1947378483205319 0.15965986858032571 
141.80629420507296 0.0 0.0 0.0 0.0 0.0 0.0 0.0 0.0 0.0 0.0 0.0 0.0 0.0 0.0 0.0 0.0 0.0 0.0 0.0 0.0 0.0 0.0 0.0 0.0 0.0 0.0 0.0 0.0 0.0 0.0 0.0 0.0 0.0 0.0 0.0 0.0 0.0 0.0 0.0 0.0 0.0 0.0 0.0 0.0 0.0 0.0 0.0 0.0 0.0 
-49.40940636339816 116.98198255999532 0.0 0.0 0.0 0.0 0.0 0.0 0.0 0.0 0.0 0.0 0.0 0.0 0.0 0.0 0.0 0.0 0.0 0.0 0.0 0.0 0.0 0.0 0.0 0.0 0.0 0.0 0.0 0.0 0.0 0.0 0.0 0.0 0.0 0.0 0.0 0.0 0.0 0.0 0.0 0.0 0.0 0.0 0.0 0.0 0.0 0.0 0.0 0.0 
38.9537982861728 -32.882906589050734 69.89813831846836 0.0 0.0 0.0 0.0 0.0 0.0 0.0 0.0 0.0 0.0 0.0 0.0 0.0 0.0 0.0 0.0 0.0 0.0 0.0 0.0 0.0 0.0 0.0 0.0 0.0 0.0 0.0 0.0 0.0 0.0 0.0 0.0 0.0 0.0 0.0 0.0 0.0 0.0 0.0 0.0 0.0 0.0 0.0 0.0 0.0 0.0 0.0 
-9.922079792544427 -14.182855389220977 19.715336282900488 115.73904592574173 0.0 0.0 0.0 0.0 0.0 0.0 0.0 0.0 0.0 0.0 0.0 0.0 0.0 0.0 0.0 0.0 0.0 0.0 0.0 0.0 0.0 0.0 0.0 0.0 0.0 0.0 0.0 0.0 0.0 0.0 0.0 0.0 0.0 0.0 0.0 0.0 0.0 0.0 0.0 0.0 0.0 0.0 0.0 0.0 0.0 0.0 
-4.865868541851301 -20.5244767212693 23.41957955372347 2.2368069264119974 80.79120564223943 0.0 0.0 0.0 0.0 0.0 0.0 0.0 0.0 0.0 0.0 0.0 0.0 0.0 0.0 0.0 0.0 0.0 0.0 0.0 0.0 0.0 0.0 0.0 0.0 0.0 0.0 0.0 0.0 0.0 0.0 0.0 0.0 0.0 0.0 0.0 0.0 0.0 0.0 0.0 0.0 0.0 0.0 0.0 0.0 0.0 
-17.29822533427377 14.390679623416474 -4.794610108774253 16.375279392360817 -24.560210119112664 82.38869739385352 0.0 0.0 0.0 0.0 0.0 0.0 0.0 0.0 0.0 0.0 0.0 0.0 0.0 0.0 0.0 0.0 0.0 0.0 0.0 0.0 0.0 0.0 0.0 0.0 0.0 0.0 0.0 0.0 0.0 0.0 0.0 0.0 0.0 0.0 0.0 0.0 0.0 0.0 0.0 0.0 0.0 0.0 0.0 0.0 
10.138668387099695 -51.125294148303816 -1.9742503522406127 12.726506488125134 1.6081444132988105 12.516824276009201 73.12883241874414 0.0 0.0 0.0 0.0 0.0 0.0 0.0 0.0 0.0 0.0 0.0 0.0 0.0 0.0 0.0 0.0 0.0 0.0 0.0 0.0 0.0 0.0 0.0 0.0 0.0 0.0 0.0 0.0 0.0 0.0 0.0 0.0 0.0 0.0 0.0 0.0 0.0 0.0 0.0 0.0 0.0 0.0 0.0 
7.502496411916078 -59.57012933930103 20.330534437628817 14.985370663668741 12.078937427657381 -4.107639271496092 5.868743161047072 85.82573160715128 0.0 0.0 0.0 0.0 0.0 0.0 0.0 0.0 0.0 0.0 0.0 0.0 0.0 0.0 0.0 0.0 0.0 0.0 0.0 0.0 0.0 0.0 0.0 0.0 0.0 0.0 0.0 0.0 0.0 0.0 0.0 0.0 0.0 0.0 0.0 0.0 0.0 0.0 0.0 0.0 0.0 0.0 
27.366960478459458 16.913763197405384 -14.555030968493208 -11.010199895499142 -5.639071119155157 -38.39321152042868 -27.883885192736194 -22.832516058534207 96.19907626424904 0.0 0.0 0.0 0.0 0.0 0.0 0.0 0.0 0.0 0.0 0.0 0.0 0.0 0.0 0.0 0.0 0.0 0.0 0.0 0.0 0.0 0.0 0.0 0.0 0.0 0.0 0.0 0.0 0.0 0.0 0.0 0.0 0.0 0.0 0.0 0.0 0.0 0.0 0.0 0.0 0.0 
-41.25940587014401 44.20635281764563 0.007575336993180369 19.130623859918323 -51.75674493182732 38.15531091815856 3.736977186337776 -11.349628928705442 17.398853303790805 71.08688990672636 0.0 0.0 0.0 0.0 0.0 0.0 0.0 0.0 0.0 0.0 0.0 0.0 0.0 0.0 0.0 0.0 0.0 0.0 0.0 0.0 0.0 0.0 0.0 0.0 0.0 0.0 0.0 0.0 0.0 0.0 0.0 0.0 0.0 0.0 0.0 0.0 0.0 0.0 0.0 0.0 
23.4588172599147 3.740051401274209 -3.010472190361232 -1.2049524551474766 -4.049870148832037 -12.825325906864183 -4.509132661290876 -17.07086398390369 13.949494618740538 -5.375093623993982 66.25786248597922 0.0 0.0 0.0 0.0 0.0 0.0 0.0 0.0 0.0 0.0 0.0 0.0 0.0 0.0 0.0 0.0 0.0 0.0 0.0 0.0 0.0 0.0 0.0 0.0 0.0 0.0 0.0 0.0 0.0 0.0 0.0 0.0 0.0 0.0 0.0 0.0 0.0 0.0 0.0 
18.230832366669393 27.87950177623892 -17.01466231169794 18.45904574860123 16.246359603631575 11.239663644920505 -11.58423435543118 -11.153938129193028 -20.955950767118125 -32.299383844707016 30.852189526200924 81.2222637213008 0.0 0.0 0.0 0.0 0.0 0.0 0.0 0.0 0.0 0.0 0.0 0.0 0.0 0.0 0.0 0.0 0.0 0.0 0.0 0.0 0.0 0.0 0.0 0.0 0.0 0.0 0.0 0.0 0.0 0.0 0.0 0.0 0.0 0.0 0.0 0.0 0.0 0.0 
6.099222979214903 36.55405671374783 7.386410547717066 -39.51837710740666 -6.867529747819832 -8.101303325748203 -5.860919420363857 -14.346887353968965 -3.376334474585038 3.3726620482668497 18.79021810916426 -5.909030763820935 60.78344218557918 0.0 0.0 0.0 0.0 0.0 0.0 0.0 0.0 0.0 0.0 0.0 0.0 0.0 0.0 0.0 0.0 0.0 0.0 0.0 0.0 0.0 0.0 0.0 0.0 0.0 0.0 0.0 0.0 0.0 0.0 0.0 0.0 0.0 0.0 0.0 0.0 0.0 
35.345579457307814 8.171231965959235 28.53021930783018 38.63497041920932 29.028674651618786 -2.354971995998451 -28.34327953612753 4.247172882266055 11.45703389224129 13.710342966806238 20.491179466299243 17.508447010337612 19.695540599717383 71.81486155190612 0.0 0.0 0.0 0.0 0.0 0.0 0.0 0.0 0.0 0.0 0.0 0.0 0.0 0.0 0.0 0.0 0.0 0.0 0.0 0.0 0.0 0.0 0.0 0.0 0.0 0.0 0.0 0.0 0.0 0.0 0.0 0.0 0.0 0.0 0.0 0.0 
-9.920342117830602 23.119786074459586 5.150099416019219 23.27561744643726 3.4789257947718832 40.320128086963074 6.1467966027565035 21.787436813187874 -21.437988383575757 18.393076224107585 -10.055165322198865 3.537660963415039 1.7025126267011483 8.312893072350203 71.60659022421707 0.0 0.0 0.0 0.0 0.0 0.0 0.0 0.0 0.0 0.0 0.0 0.0 0.0 0.0 0.0 0.0 0.0 0.0 0.0 0.0 0.0 0.0 0.0 0.0 0.0 0.0 0.0 0.0 0.0 0.0 0.0 0.0 0.0 0.0 0.0 
14.291584436402276 37.00920101284067 -1.5430999193006898 17.469307322661823 -14.945083693949064 -1.9297169107744336 1.1105420936971278 -24.83001130160255 -34.75685985897042 -1.4314398524430278 7.630186893522443 -8.068981707327273 0.43086901824270757 -11.576342412166344 0.2823310221120746 47.09901246973914 0.0 0.0 0.0 0.0 0.0 0.0 0.0 0.0 0.0 0.0 0.0 0.0 0.0 0.0 0.0 0.0 0.0 0.0 0.0 0.0 0.0 0.0 0.0 0.0 0.0 0.0 0.0 0.0 0.0 0.0 0.0 0.0 0.0 0.0 
-17.139374767347245 -11.070322405626994 -6.788953814238 19.035173545804756 10.233157209705128 18.224137097018772 0.35745467010020804 -10.761046713923342 -26.826854345467947 12.438158732583897 -10.255323325558583 -1.1652918895574156 3.0532901941599047 -4.306797412356191 -3.0314597550213294 16.38450067963246 55.9754736393182 0.0 0.0 0.0 0.0 0.0 0.0 0.0 0.0 0.0 0.0 0.0 0.0 0.0 0.0 0.0 0.0 0.0 0.0 0.0 0.0 0.0 0.0 0.0 0.0 0.0 0.0 0.0 0.0 0.0 0.0 0.0 0.0 0.0 
19.119674124473136 45.77037495484651 -6.262543850341685 -70.11708528458232 -18.905469640296392 -30.60876417848978 -9.609527001722382 -30.50890937750946 6.569894693067396 -28.635954051311895 21.611829802937557 8.468435393263164 -22.835971209558632 -7.575016121314688 -22.064725859357264 -9.565408599552095 -4.142364935785287 57.62991736128188 0.0 0.0 0.0 0.0 0.0 0.0 0.0 0.0 0.0 0.0 0.0 0.0 0.0 0.0 0.0 0.0 0.0 0.0 0.0 0.0 0.0 0.0 0.0 0.0 0.0 0.0 0.0 0.0 0.0 0.0 0.0 0.0 
-36.70505051762368 35.62065443872208 1.1227318169892477 2.3512279341352706 27.052789458351782 27.87119097189684 15.67762389533763 -45.32294358361362 -62.769409540367114 -3.4870250193248085 -15.316999205167875 1.3778235064379107 32.36840801288742 9.423463987478055 37.07401795550796 15.888014025774686 22.957652460058696 0.11534528923849628 70.46727995419073 0.0 0.0 0.0 0.0 0.0 0.0 0.0 0.0 0.0 0.0 0.0 0.0 0.0 0.0 0.0 0.0 0.0 0.0 0.0 0.0 0.0 0.0 0.0 0.0 0.0 0.0 0.0 0.0 0.0 0.0 0.0 
-43.05583537273007 19.109930594567686 -30.193655642204284 10.08612297443084 5.325220658094247 7.6351883821592885 9.388608706491139 -1.6395373482727822 -22.073136980769238 -0.7790913031154231 -8.433953553453565 -16.624472504919943 -17.421668156984094 -9.79513816550632 3.7857103430326577 2.6091179310037296 7.708452282323387 -17.67519437412873 2.832627477595395 55.452023401132884 0.0 0.0 0.0 0.0 0.0 0.0 0.0 0.0 0.0 0.0 0.0 0.0 0.0 0.0 0.0 0.0 0.0 0.0 0.0 0.0 0.0 0.0 0.0 0.0 0.0 0.0 0.0 0.0 0.0 0.0 
10.72728602609509 55.27699911350214 -20.817661972817206 -19.489075668648734 -0.7736029341030939 -9.0755700680743 -8.109458664741148 -33.58835053216654 -18.488765305818145 -2.623227095426461 9.675465804080568 15.210474024069764 25.048011480858687 1.6413584547047584 9.317104626696937 6.02754794324991 3.8759391909003513 2.5431343686790178 -1.0152497172758026 1.9331279172622822 58.508699486491466 0.0 0.0 0.0 0.0 0.0 0.0 0.0 0.0 0.0 0.0 0.0 0.0 0.0 0.0 0.0 0.0 0.0 0.0 0.0 0.0 0.0 0.0 0.0 0.0 0.0 0.0 0.0 0.0 0.0 
11.267100054269479 38.355547846030895 -11.364879977604783 -30.816704632388763 -7.032532023597292 3.274738891669044 -18.739219504153635 -13.232299055135254 -18.46552240591639 3.140304779310915 8.235761315815559 -8.6038550182072 1.1201723412288282 2.0601433593139435 5.65358484047704 19.843097140538198 5.907449179304267 37.70088236498657 10.041571767930089 -5.5960974499036285 -8.699094473721122 71.6936780238643 0.0 0.0 0.0 0.0 0.0 0.0 0.0 0.0 0.0 0.0 0.0 0.0 0.0 0.0 0.0 0.0 0.0 0.0 0.0 0.0 0.0 0.0 0.0 0.0 0.0 0.0 0.0 0.0 
-2.900300876415513 -17.983917262567413 5.562061833097282 -5.749823758135565 -6.591421071411751 17.18270815937232 10.91847315376754 8.545399744097407 -0.5631912702354266 -8.20827724739866 9.395632038452579 9.14857806451902 6.440197474543772 -6.278544570094266 9.48472059260203 7.426184711584667 13.048837231302459 -2.003909041805862 -4.76088411251772 4.113501564896705 0.7410429071033952 13.647298340930016 53.94603977109899 0.0 0.0 0.0 0.0 0.0 0.0 0.0 0.0 0.0 0.0 0.0 0.0 0.0 0.0 0.0 0.0 0.0 0.0 0.0 0.0 0.0 0.0 0.0 0.0 0.0 0.0 0.0 
-42.36206874141061 30.99584411527058 14.122489200960564 -21.96353879202584 -15.741842726398351 -4.857757626086658 -4.196738260447688 21.085189973162255 16.904842977413082 12.096760140679171 -6.142090787982176 -16.51247323413691 2.8124122999683467 3.3154608206260296 6.865920221696714 -4.1749439862857365 -3.4564117715503353 5.809905246739308 12.839072848303653 -21.19797034563948 3.099551999576933 -18.835545468041527 10.728979092403396 54.38273331467308 0.0 0.0 0.0 0.0 0.0 0.0 0.0 0.0 0.0 0.0 0.0 0.0 0.0 0.0 0.0 0.0 0.0 0.0 0.0 0.0 0.0 0.0 0.0 0.0 0.0 0.0 
4.134588110700026 40.407031217909314 1.167205507254145 11.777618917850171 4.687017075344898 31.138911803579678 -11.482940515333217 20.5821020888542 -2.4977253801319446 13.320321090284354 8.027973415140078 3.9622680480394963 27.334856017425786 11.86101736038875 19.148776045921515 -1.6807121549160815 0.1683849519755057 -18.656237360802525 4.509829173495543 8.240511195202648 -4.011296546911771 17.84799721221239 -8.894659768706209 3.137401689283909 52.73823997234906 0.0 0.0 0.0 0.0 0.0 0.0 0.0 0.0 0.0 0.0 0.0 0.0 0.0 0.0 0.0 0.0 0.0 0.0 0.0 0.0 0.0 0.0 0.0 0.0 0.0 
-1.294569084382079 6.520733384554589 18.753862005149696 14.181661213341492 7.80037446742175 -4.483537452269307 -7.078178068145867 -7.663163543884183 32.235086660038036 4.799493989275335 0.18181611766028774 -8.15828120231803 29.48585758525842 0.4873549599195817 1.3064866040877714 -14.92638470030286 -1.4855704091894666 -14.78970798718283 16.10567007718564 -23.259865217968304 -4.504470444868672 -23.765041144756264 8.888724250409016 22.21730821713515 20.207417433349168 61.18607697512256 0.0 0.0 0.0 0.0 0.0 0.0 0.0 0.0 0.0 0.0 0.0 0.0 0.0 0.0 0.0 0.0 0.0 0.0 0.0 0.0 0.0 0.0 0.0 0.0 
-12.869812441457704 9.601482112370537 13.811308764444991 42.49800040612359 -11.227949345515427 1.8533444725614185 -18.535481755204938 3.64306777041913 -36.09073517466419 21.426842619510705 4.396043144860765 -0.6417993773464724 28.607751770873044 4.460616521924964 8.541018910682467 14.306849234818424 5.13487082316051 8.077908382761274 9.026917304016049 -12.643060463877616 -5.653583072247685 24.670357198257484 -19.084844296430052 10.205158004563913 -17.280874684903733 9.447126238993206 54.429503262091046 0.0 0.0 0.0 0.0 0.0 0.0 0.0 0.0 0.0 0.0 0.0 0.0 0.0 0.0 0.0 0.0 0.0 0.0 0.0 0.0 0.0 0.0 0.0 
47.38905553603095 12.746625012390883 6.7295427089875295 20.626574978412254 -2.480205933921107 -13.372759897326976 -21.90304640545345 6.129517349447331 -7.757236047911502 4.795057041485527 -4.772253489965478 0.609222603596833 -2.950528090239984 11.273709295927487 -3.970039732486782 23.056267830285122 -14.438339093668244 19.46781003804791 -13.642417092594355 -9.518491636050099 5.555959256537442 8.610537085933698 4.253982993157307 -10.45189583329671 -4.50721555619244 -5.724629901195856 13.310566058739488 53.28951154581893 0.0 0.0 0.0 0.0 0.0 0.0 0.0 0.0 0.0 0.0 0.0 0.0 0.0 0.0 0.0 0.0 0.0 0.0 0.0 0.0 0.0 0.0 
83.26852839428372 -61.86039019768502 13.796499310375156 0.946937251102237 -21.00371933179257 11.05834764311055 13.650436085887563 41.652634199278566 21.688507070486438 0.7835831625973543 -10.575032852412251 4.04416169756321 -10.9023314999858 6.924155122826037 -9.705351029028863 -4.2210129936628356 -11.59169188552408 10.653078717680586 -17.209703562647 -8.091584300950226 -16.156407525889943 -1.5817956425510644 -13.064037983783201 -14.376548992021194 -18.234340673794122 -1.372004476107421 11.044585197520181 34.03692875209036 64.41647184837052 0.0 0.0 0.0 0.0 0.0 0.0 0.0 0.0 0.0 0.0 0.0 0.0 0.0 0.0 0.0 0.0 0.0 0.0 0.0 0.0 0.0 
54.54803688295721 -12.320425990918547 -11.360706092979731 10.8246826354567 41.415719115899066 19.514060270404872 33.29705211125881 -5.011504850130075 -42.45982711947849 -26.502634242797722 14.870443266282942 22.38282589294384 3.252163679965588 33.367051510258655 4.409330557391609 15.368568459398201 17.646292217683513 2.9450664055198903 10.466479923505709 10.445934441450671 24.05490366566117 -5.118948242929294 0.9664179363887937 -8.366477923020245 0.4447996059591125 -5.809177564586431 -6.957678989347756 -1.7786022800366528 8.262301498052585 48.849122508814155 0.0 0.0 0.0 0.0 0.0 0.0 0.0 0.0 0.0 0.0 0.0 0.0 0.0 0.0 0.0 0.0 0.0 0.0 0.0 0.0 
17.60120057681251 -4.098699818431287 -12.61831872057843 -28.463850282520674 -8.386657023655856 4.98809766894635 6.438043881564983 -37.249723179398984 -22.302617413146447 13.579979863386646 -4.905935926300744 -22.613905838078548 3.3476116897368833 10.006796687623142 2.60668773296944 11.286243099694074 22.725368123935272 10.114172956391792 21.12123500043631 -8.817918046432927 23.53352669327593 -10.574508708566322 -3.5788169998035193 -13.745312008771508 -33.61487077701494 -49.32505524297639 6.116229572518313 -11.266436064213524 22.246079934029407 0.5781727015969712 64.94205110158327 0.0 0.0 0.0 0.0 0.0 0.0 0.0 0.0 0.0 0.0 0.0 0.0 0.0 0.0 0.0 0.0 0.0 0.0 0.0 
-4.433892932359173 5.484608525002818 9.233578285126253 0.2366362698002959 -39.75820743285156 1.4578449767002821 -4.4575169099290015 12.850373808532018 -6.8254865015733195 22.246248509289114 -5.740205824679149 -6.27937314452758 11.472180426661717 9.146309210860652 3.3197711549918503 8.442003163547758 1.1662160311445036 9.756993261251766 9.742196210083103 -32.329335135748714 12.0341490759512 -1.2906183378793978 2.06189506402229 18.599306121757515 -11.35875330797088 3.2031163955257793 10.21527979909539 10.649460624431116 0.06281047316382339 5.65181640397505 10.75462006844572 56.336107963605315 0.0 0.0 0.0 0.0 0.0 0.0 0.0 0.0 0.0 0.0 0.0 0.0 0.0 0.0 0.0 0.0 0.0 0.0 
-40.09570969559987 18.48256216114354 16.168337558242346 19.577547451015832 -13.231540208395517 -8.487783905447285 -20.22856405147489 -9.795881935024672 27.983031562800228 8.242805080942517 1.6683966045416923 6.927448506099439 9.381159428561876 -7.798160508147327 9.711355891416968 -15.966091347862328 -4.521193352949701 -6.346850856999492 -2.9879047006196555 -10.154036055921306 8.456501956259846 -14.092153452021623 8.844090565076536 8.775718257992455 2.700154310174449 9.209257465564253 -2.5321948878082567 5.6631245964885855 -5.009262966249233 -13.469350751331975 3.725239542656912 -2.533447439721197 36.79332865235749 0.0 0.0 0.0 0.0 0.0 0.0 0.0 0.0 0.0 0.0 0.0 0.0 0.0 0.0 0.0 0.0 0.0 
25.167398575017447 -49.34797771083166 38.761873836509416 49.25111599907647 15.555144577457687 13.387212817220068 0.35529727900981883 53.283547796350625 -2.048655556065744 4.198950004296626 -3.939976801269146 15.860962837806738 15.430328377132767 25.285841115348646 23.717810643786105 -17.417818312381144 -16.037422510714503 -18.544444115124765 1.2577080143676993 -8.011568886394397 5.575786614919454 -28.38477770209405 -10.178710717432416 13.930663528957295 16.87882221030673 13.172044613910131 3.5241542889571025 18.039447526603897 14.545940365354502 9.361788623169907 5.951634267317712 4.909492925698982 4.313422963715916 51.32677254633693 0.0 0.0 0.0 0.0 0.0 0.0 0.0 0.0 0.0 0.0 0.0 0.0 0.0 0.0 0.0 0.0 
-3.31080293583427 11.524538259982236 21.49687908068347 -33.004115034554374 10.399846245330004 -15.858659880198008 -6.635462808437258 15.685986124654228 13.713401091228432 -17.33943451979045 5.459259591247921 17.31258145374847 -3.8959415570534603 -9.667348124253976 -22.61953526110806 -11.15908420097746 -34.48320585983553 7.340138084318487 2.5983442108479564 -25.849014327344864 -0.591526302014697 -9.941120317962397 4.486843229533916 8.327571126780782 -3.9742720738265 8.550939963994319 3.293019378192224 -4.613403164746781 -0.876317821341829 6.425740523395544 2.031184220197827 0.7412700522397365 -4.268229323449586 13.896124571493594 42.5684682173924 0.0 0.0 0.0 0.0 0.0 0.0 0.0 0.0 0.0 0.0 0.0 0.0 0.0 0.0 0.0 
14.440942099171217 -26.086157239568927 -7.957557483681318 -25.228447330889868 20.14508181024641 -9.273026094549785 1.8823573196240442 -0.02587941792656442 -26.561246796179457 -21.577393170625612 -2.3375606537240343 -8.453882575912138 -0.165247592530096 -1.2831883452638506 2.122652218670537 -0.6448203559682094 7.269171825979558 17.17783015957306 20.749958436263032 0.9891722462801972 -9.130967580802448 4.1179101316000555 -5.170686179762798 -11.694678544985212 -12.130905209811386 5.0204334250431 -4.2357827941565205 3.019347945098558 7.526985605884809 -4.260313322089886 11.565910442836271 10.026659875790754 -4.823208379693907 -2.3689211766179405 9.302538569400296 36.410445676156854 0.0 0.0 0.0 0.0 0.0 0.0 0.0 0.0 0.0 0.0 0.0 0.0 0.0 0.0 
5.7097136078829935 8.11028323842372 14.529185928250648 6.604019525118074 8.979450373999248 -2.2370748766759516 -7.834926205445651 15.253184784360268 11.855589089169047 -1.0330072376498336 10.332538489059754 -1.677505501702168 2.6814161427808165 5.652122074729965 7.524729380286047 1.8367432340114427 -38.018347934122424 -8.907166445084451 3.0937337590690923 -9.345646352409755 -9.866741199412282 -6.175372529648405 -18.754735014905886 9.48985350547632 3.595752823967401 11.993676605788407 8.66255896319289 11.502440154901125 -19.782275520978914 -2.6338145471319026 13.671337499398149 3.9765563062299045 -8.674624693819752 4.847823324912523 9.68115181442193 10.461428906892543 40.62145949903227 0.0 0.0 0.0 0.0 0.0 0.0 0.0 0.0 0.0 0.0 0.0 0.0 0.0 
-61.5133632586461 32.56634325920607 -3.9950452860440158 36.17380975901382 -9.123095801958062 0.7630350381950536 -11.823375793233334 -8.675257436643117 15.12293705463804 18.018019886454745 9.060727118480871 -9.446848024652962 5.016581990154789 3.591584317406701 -3.3113421941113073 -12.461386251631806 -9.146995893336925 -24.51101534868546 9.16054262411306 12.555586265272943 -4.530064213766463 -13.547246000208066 7.439129074218986 -12.453660454337593 24.646368937750456 7.686065578808584 4.471617270597704 -9.173939966249264 -18.27135253633472 -2.115996795804109 -8.727493982120693 -1.0065738805861393 8.625904641773612 4.331080193509435 11.560727798782835 5.278667870530574 -5.816286878457205 41.35268834175732 0.0 0.0 0.0 0.0 0.0 0.0 0.0 0.0 0.0 0.0 0.0 0.0 
-75.74838216782936 72.05894484271572 -11.612937090822124 3.163314996134528 -3.1286828964127693 -6.182689428187474 -31.04957494128652 -42.39507541257767 26.264885014479212 5.44802493860295 2.5858296151627145 -13.41227347864208 -8.043622567455008 -28.908187081767878 -4.041206389981816 16.020039519744394 0.13869227139522214 5.918201229518899 3.2517344053552955 4.909583673181573 -6.608011184537421 14.943939976334034 -3.659442572348472 -4.734895038917891 14.426110317429554 11.453450075709462 -2.429038549385412 -10.475416504285583 -25.874879100945588 -16.04102845467323 3.3728591106191272 -24.70583509780611 1.5186613598168612 -13.008934408929978 -19.040143871477238 -1.3887436683204823 -1.8008463300678312 14.370197257480747 52.332904125916215 0.0 0.0 0.0 0.0 0.0 0.0 0.0 0.0 0.0 0.0 0.0 
54.534041615929176 33.532471882847865 -10.914046925774677 -19.394307355317792 21.418440480927476 -28.2087859094089 -0.31616642743692763 -30.71333361648687 -16.468648568427206 -2.99141599530199 18.352318498818804 -8.921272226032448 9.269734112798064 0.7912364002989932 11.949815010734474 9.278473574416005 -4.542912447655161 -3.4453069263545206 4.801529744571957 -3.755292062677475 -2.3771115931235807 29.98991186395582 -1.2691933710569623 0.61685390601312 3.4759843002229625 -3.880195309100135 16.240692121532383 14.15492659226222 6.452033585237009 -8.426031464833375 -4.610163812551804 -3.7875067847468458 2.8864102314572895 -2.4204962213472254 3.8842612813238193 -1.390086910502435 14.956918328203761 -8.469310483940479 8.45236277168716 42.36086187867866 0.0 0.0 0.0 0.0 0.0 0.0 0.0 0.0 0.0 0.0 
11.893055778419669 -23.04445351593041 12.006218109195904 28.562458250439512 -10.352184081274597 -6.431110182451411 11.383521475294717 6.51495204071706 7.230419822435017 -6.847852973468141 26.758284267821466 0.43980838720951987 8.411046013065512 -10.784695190272286 -10.803022057262591 -5.075500575100599 -3.7615982872155964 -6.750133576142248 -10.916441749773744 1.9040150288991564 -8.807636209541288 9.300735713247288 -6.59591349440542 3.8328058169904002 6.760144868850068 5.856868409683396 -5.099655461662116 -0.2961894881481111 3.09096432736062 -3.560051571553473 -7.319076410533227 -9.811167617679262 2.96521476358508 6.953702842342815 -11.766016966868326 8.594475604696987 4.464559781765502 11.669190482051482 0.5452021077999067 -7.815080440981675 28.229039217462994 0.0 0.0 0.0 0.0 0.0 0.0 0.0 0.0 0.0 
19.907873681587596 1.1763746583012273 11.640010115360427 35.445469574292375 31.045533494443642 0.9663589585567773 10.871148648490713 -1.8410489585615306 -52.63503614762574 1.7407537277038165 5.833321118663264 11.26752713542096 8.9220191084244 10.713268420198554 20.652983123758453 39.238390717200446 2.3082510796823277 3.0707352633483547 0.24378939045229933 -4.844046627305027 -8.259049158634422 37.704030240999415 -5.327232397989865 -0.6812232798859632 -3.5690392978015986 -9.078448235159746 4.759583636494246 12.342874038567357 -4.249103502107233 11.443430344398186 -19.304680580260452 4.180396026995146 1.3114565679260768 4.097428261046003 0.9242823636046799 2.6806019635607132 7.08680470710713 2.160507465167702 7.849642987779759 18.379986374914058 -0.1982247038042934 30.85788771165221 0.0 0.0 0.0 0.0 0.0 0.0 0.0 0.0 
41.80986326005628 -20.930156705241956 18.789713668006964 2.323133528232627 -33.914563623286135 -6.017125258264804 3.074098522642495 -5.479370897241244 16.618537436996426 1.4901761713551274 21.077326560457916 7.997389762801676 37.69054962106732 13.172446789600977 26.53563175939824 -31.29578459291535 -0.9284616419756299 -3.193959926970241 -9.42288877474566 -10.454652668039932 -4.254354458785607 15.088948242831206 -6.813401428722573 -7.371495455009039 -11.779674120974247 -13.530014904650308 7.1341084731323265 -0.1167122191288378 15.922914858474694 -19.15419423987571 -3.5504908496802092 -10.3942943332087 17.623628019502664 8.457062317790479 9.319549045733131 -13.274683726122277 -10.556239157771175 -0.340033070496764 -10.825456638159299 -5.158274262594208 3.310030247766835 -10.414243577880562 31.415342269623956 0.0 0.0 0.0 0.0 0.0 0.0 0.0 
-29.536981553143235 44.29191358087787 -15.445175696169777 -40.40497207504506 -40.56617636351596 -3.245097253169098 -15.105801095058741 -29.898884518235036 31.413848438195576 26.14788009522612 -18.518558606040905 0.8639110150533619 -8.042354257626346 -10.879348899272385 -14.42890282586868 -11.792665743101878 -10.09215387995777 28.146762670838854 -1.1469028097218796 -18.911991028661976 -3.995574427906843 3.5486717837961006 14.762173603452077 3.5186506793010497 -15.522584338452697 -8.147259963479483 6.463255394229227 -21.666159199671746 -11.152412326306266 -11.85658899351654 12.782088042839822 1.7082444968152313 10.32305075019383 -16.345360542276527 2.0543569639316512 -3.1074565359630872 -13.162691598799004 2.8704496897902887 4.412579676738421 3.1717741165726023 -1.7853342497809814 -20.578753347396578 -5.546623097048938 37.160919847594705 0.0 0.0 0.0 0.0 0.0 0.0 
-13.887051876527579 -15.327105462912469 5.014127803333998 21.379524356716612 2.846961999727195 23.334347352879757 4.859298469652262 1.6960112149413327 -23.790266040653 3.6269916225746277 5.757090896398686 -16.157351492165986 14.46975366352891 -1.3366975097802323 19.82468846074945 1.829694406172199 28.21871108497834 -6.472986156120953 8.299950947526664 3.107045654291213 -22.50663706655787 15.632132669395094 4.970138980312624 -5.056509012783776 -0.42406182315806684 -9.68695427935334 -11.511112447399976 -25.821838471075935 0.6118306900062123 2.644691860294434 0.13572737005398886 -22.56869823919796 6.022469613374148 6.113541901114372 -8.085503215013622 24.42344160862945 4.16155311094239 -10.854369671608197 6.527024818239821 -6.149186254930755 13.930854870608567 -1.9092333033037387 1.5339413288925718 -13.439016645236736 42.75292736741885 0.0 0.0 0.0 0.0 0.0 
-37.971162304836966 2.7406908653215227 0.8253156395390399 42.44887638559136 -29.293622496547975 12.871354098015773 -0.32711248662704895 15.279213247227272 18.837790649095943 4.790504398524843 -16.899111628398817 -8.70239013636076 -9.172321145807738 9.124841974838718 -10.200590968164496 3.197300689094527 -22.61558045537383 -31.59987287009084 -17.442488149125964 5.363710070651836 -13.389340534282564 -28.205450588240062 -14.77375305631096 10.344401366952535 13.663899796330444 1.9510835492692038 -9.074365257520165 4.009165190500884 -9.185578119920551 -3.2465582257955163 2.087628998882448 4.868989064836241 -1.9558423927261448 -0.5804555235608924 -5.975675869705832 -0.7051702941282119 15.93558436409842 10.426147681040968 6.2024275396439235 -6.87879971718533 1.9180051162598803 3.8778698559496556 7.109857924236067 -12.38754824789733 -6.238324283039926 33.97070886326427 0.0 0.0 0.0 0.0 
-28.016881966589835 15.984841197643544 -16.58301695793205 -31.411878281862833 -8.916455755042215 -25.517729169556773 4.606064380686988 0.23630188028902363 75.91237349167213 14.754105628028691 -10.884345869501965 -16.34882062079549 -14.99824394067981 -13.837489105697149 -20.644970434649462 -18.810629830113147 -16.488140973436337 -7.949110592433662 -16.47353307605794 -4.4531680378445 -7.600503547753382 -12.90145044016557 3.8803708517260436 -0.793856008449518 19.87874735946252 17.424474699428853 -6.683131485392096 -22.193137144971384 6.148361155981218 -11.605116382662468 -4.661037052041064 -16.19174729837072 -5.927995672232544 -6.662026227125737 9.07355234708654 -2.0866834637850076 -25.183421438707434 10.054612370037887 8.8944498595393 -7.937271861684628 -0.3056756897596696 -0.5335578688612254 -6.356612220462773 4.190674280064965 -0.019654834690401406 -4.969010358080148 27.585499100831825 0.0 0.0 0.0 
27.59035913747466 12.545065607910788 -14.491228229763804 4.739831395894975 13.802538231939264 -0.2363561466238628 -7.8829549502356695 -63.45037513488748 -42.508069799800474 -0.027734320617347367 13.310929094965982 14.621555895233675 19.373152007357824 13.998021154266485 16.706730120617344 8.711459983522854 19.69120934688599 16.880731201917506 19.4849391529608 6.02519734118451 30.672282867413003 22.586744898277807 10.077354647078952 -28.794989435380998 -18.47836634100882 -21.03164026453694 6.7254306532711325 -9.082195595702942 -13.90960340929381 7.349117825511816 20.436550291004174 10.109184057338428 3.8814309698507827 -9.973344973734743 16.52181527907281 -6.950886983857779 -11.353839812443137 -4.099741101852301 -5.0915223956614915 -2.8884611520861228 14.468876361266352 -14.417359251494695 5.21696771081936 11.209669481228476 2.513546700887953 -1.2737501996138794 6.174648135343722 40.5756472878817 0.0 0.0 
-25.44313545986953 30.791573734466937 8.91329254179383 52.89481913445705 21.439301672314592 28.417574427351042 -18.544065720758073 -1.0157512470896621 -33.018838231840014 4.465515811115864 0.7275012995493628 19.89423987761114 24.003485405277285 7.520537591768887 0.6249488931324326 7.2534603210831285 -5.486045614115103 -6.96158075766669 22.988144065883045 -9.960617724024566 39.752984576894235 -3.530678094787579 -6.1697689040839805 25.30103520040331 12.413528870481226 -10.478916092086509 10.414751653680815 26.150388910823345 -22.166423419768794 18.33476795340746 17.26922883221548 10.04258999326626 -10.047475796909032 0.672457271710133 10.10615248370742 9.453754853858362 9.211612726893025 -3.534749067067635 12.628965985948707 -7.5443652670749595 -3.7325308259193144 -6.784466658171715 7.354486038878255 -1.0467978329680216 3.532272830958621 -6.425059130182836 -13.536246229494864 0.5668093546663001 33.71345806807567 0.0 
-17.48331545969038 19.864969072319965 -2.9436068416463788 2.8290763356444932 15.60828686817229 -22.380907077432873 -1.3704089526845042 -36.05775693364033 30.241128105760755 -17.235447525913607 6.670544182097293 28.076016280724414 -6.830093814265029 2.8217126077420183 -13.063468519242177 3.3919818616883948 -6.277281045541456 7.097164556922225 9.246786457558906 -2.834099447160413 -25.048843063256502 4.200646736598088 -7.844910769629427 -2.273367823392373 -1.2548988106650873 11.549670457614189 4.849550888104627 -19.39262620231868 0.03177864385452171 3.5874665103286003 -5.272121456056922 -18.80123592673356 5.183021301460626 -7.706500430787968 -3.2807095323760125 -13.598440269133219 10.153601096471228 14.080699311155538 13.024349908040888 -1.6514444147115395 8.175046992239823 15.415367098253638 -5.673135500126723 -7.533963621439042 5.814807613434201 -6.526967787380048 6.77039383298578 5.511770447779676 -8.417722578998287 28.92956272554425 
