0.15035653153676945 0.16139962364971702 0.2560421413563997 0.14003560443609925 -0.01283949061619529 0.011638090181084214 -0.2943955973816161 -0.30653049885727623 0.2259899527399444 -0.05971725514427722 0.09306359728667199 -0.07514856006651201 0.06975206123533657 0.03463180627125453 0.08750083859691318 0.21097919147014196 -0.05416468989406267 0.18878247009759064 -0.39992568075164125 -0.45017542157687807 0.274032035590309 -0.2676741301956924 0.0967397870332151 -0.043306060563775145 -0.10757237486300757 -0.5819169189464944 -0.07315646780604786 0.2677560745946571 0.2980483883870841 0.012017606090043518 1.8837481091832222 0.019785651141085537 0.07211899077745483 0.18097659492681242 0.13462876294117174 -0.038285683113013266 -0.04439470932283638 0.11052603536387502 0.2059428076549675 -0.03428644233626199 -0.02787102239628782 -0.08086267430504754 0.21138624282232626 0.07136102239747247 0.05682291005846162 0.06559000132678378 0.08388107640688264 -0.12567241678906405 0.11666147138122178 -0.12444387995226328 
258.30254854626173 0.0 0.0 0.0 0.0 0.0 0.0 0.0 0.0 0.0 0.0 0.0 0.0 0.0 0.0 0.0 0.0 0.0 0.0 0.0 0.0 0.0 0.0 0.0 0.0 0.0 0.0 0.0 0.0 0.0 0.0 0.0 0.0 0.0 0.0 0.0 0.0 0.0 0.0 0.0 0.0 0.0 0.0 0.0 0.0 0.0 0.0 0.0 0.0 0.0 
-8.20645321126755 245.13235230036724 0.0 0.0 0.0 0.0 0.0 0.0 0.0 0.0 0.0 0.0 0.0 0.0 0.0 0.0 0.0 0.0 0.0 0.0 0.0 0.0 0.0 0.0 0.0 0.0 0.0 0.0 0.0 0.0 0.0 0.0 0.0 0.0 0.0 0.0 0.0 0.0 0.0 0.0 0.0 0.0 0.0 0.0 0.0 0.0 0.0 0.0 0.0 0.0 
18.863001076609763 -26.229458903070878 267.37575804551017 0.0 0.0 0.0 0.0 0.0 0.0 0.0 0.0 0.0 0.0 0.0 0.0 0.0 0.0 0.0 0.0 0.0 0.0 0.0 0.0 0.0 0.0 0.0 0.0 0.0 0.0 0.0 0.0 0.0 0.0 0.0 0.0 0.0 0.0 0.0 0.0 0.0 0.0 0.0 0.0 0.0 0.0 0.0 0.0 0.0 0.0 0.0 
-14.323965765655704 19.080296194334437 1.9359609771137316 243.67990421082916 0.0 0.0 0.0 0.0 0.0 0.0 0.0 0.0 0.0 0.0 0.0 0.0 0.0 0.0 0.0 0.0 0.0 0.0 0.0 0.0 0.0 0.0 0.0 0.0 0.0 0.0 0.0 0.0 0.0 0.0 0.0 0.0 0.0 0.0 0.0 0.0 0.0 0.0 0.0 0.0 0.0 0.0 0.0 0.0 0.0 0.0 
-31.813391325430768 -16.924940642659166 -7.478947306201052 -10.905812060426804 238.55016633599595 0.0 0.0 0.0 0.0 0.0 0.0 0.0 0.0 0.0 0.0 0.0 0.0 0.0 0.0 0.0 0.0 0.0 0.0 0.0 0.0 0.0 0.0 0.0 0.0 0.0 0.0 0.0 0.0 0.0 0.0 0.0 0.0 0.0 0.0 0.0 0.0 0.0 0.0 0.0 0.0 0.0 0.0 0.0 0.0 0.0 
14.805305831019972 -28.785092736949814 -2.451114778278316 -27.111022659445222 8.941713923597886 235.90110596479298 0.0 0.0 0.0 0.0 0.0 0.0 0.0 0.0 0.0 0.0 0.0 0.0 0.0 0.0 0.0 0.0 0.0 0.0 0.0 0.0 0.0 0.0 0.0 0.0 0.0 0.0 0.0 0.0 0.0 0.0 0.0 0.0 0.0 0.0 0.0 0.0 0.0 0.0 0.0 0.0 0.0 0.0 0.0 0.0 
-18.839237197589554 5.300168893077915 27.504557502042775 -18.301733696422474 27.936940596870823 40.62053266933908 247.7078871214292 0.0 0.0 0.0 0.0 0.0 0.0 0.0 0.0 0.0 0.0 0.0 0.0 0.0 0.0 0.0 0.0 0.0 0.0 0.0 0.0 0.0 0.0 0.0 0.0 0.0 0.0 0.0 0.0 0.0 0.0 0.0 0.0 0.0 0.0 0.0 0.0 0.0 0.0 0.0 0.0 0.0 0.0 0.0 
10.0566002437778 28.7918656434979 -28.857189857018657 3.8327701351785404 -35.729294635246795 -15.931928873156902 0.7335749672394275 213.7812433073693 0.0 0.0 0.0 0.0 0.0 0.0 0.0 0.0 0.0 0.0 0.0 0.0 0.0 0.0 0.0 0.0 0.0 0.0 0.0 0.0 0.0 0.0 0.0 0.0 0.0 0.0 0.0 0.0 0.0 0.0 0.0 0.0 0.0 0.0 0.0 0.0 0.0 0.0 0.0 0.0 0.0 0.0 
53.89518480082654 -30.356961447071726 -21.3752573283616 -3.9936102322313927 -28.619282218145553 38.06548526484512 -21.345227983557447 -30.17272534605045 225.32556955565317 0.0 0.0 0.0 0.0 0.0 0.0 0.0 0.0 0.0 0.0 0.0 0.0 0.0 0.0 0.0 0.0 0.0 0.0 0.0 0.0 0.0 0.0 0.0 0.0 0.0 0.0 0.0 0.0 0.0 0.0 0.0 0.0 0.0 0.0 0.0 0.0 0.0 0.0 0.0 0.0 0.0 
-4.782670477867135 -42.5135434658827 13.258569639365739 -4.794050332392039 8.085454668318905 17.879353770516275 51.34367190377869 -36.78558494951171 1.9366553088519944 230.42188853011396 0.0 0.0 0.0 0.0 0.0 0.0 0.0 0.0 0.0 0.0 0.0 0.0 0.0 0.0 0.0 0.0 0.0 0.0 0.0 0.0 0.0 0.0 0.0 0.0 0.0 0.0 0.0 0.0 0.0 0.0 0.0 0.0 0.0 0.0 0.0 0.0 0.0 0.0 0.0 0.0 
7.981841919796124 -56.313132072975364 10.222388854500663 26.099083733481596 -8.8038898696629 46.2393935939246 24.068924199357646 -21.670006866101964 42.287058585228756 41.6881703831647 192.45481198635335 0.0 0.0 0.0 0.0 0.0 0.0 0.0 0.0 0.0 0.0 0.0 0.0 0.0 0.0 0.0 0.0 0.0 0.0 0.0 0.0 0.0 0.0 0.0 0.0 0.0 0.0 0.0 0.0 0.0 0.0 0.0 0.0 0.0 0.0 0.0 0.0 0.0 0.0 0.0 
20.953501632893236 -11.537068415913255 -44.13334249132948 20.131144421712552 -4.698907488438445 -2.6713093688989233 -3.950016039025483 -13.936045523084884 -8.75380190206504 36.036184434623266 41.29517625414092 210.7564274511168 0.0 0.0 0.0 0.0 0.0 0.0 0.0 0.0 0.0 0.0 0.0 0.0 0.0 0.0 0.0 0.0 0.0 0.0 0.0 0.0 0.0 0.0 0.0 0.0 0.0 0.0 0.0 0.0 0.0 0.0 0.0 0.0 0.0 0.0 0.0 0.0 0.0 0.0 
29.29366585458777 -3.0764353411451264 -72.93037689779288 -57.290454967576935 22.31844126532396 -0.04486092840722203 -0.0739664631605553 -26.33063836930514 67.06065311927783 22.57587214510404 -11.025854341685811 -18.679267222489266 235.1232388261743 0.0 0.0 0.0 0.0 0.0 0.0 0.0 0.0 0.0 0.0 0.0 0.0 0.0 0.0 0.0 0.0 0.0 0.0 0.0 0.0 0.0 0.0 0.0 0.0 0.0 0.0 0.0 0.0 0.0 0.0 0.0 0.0 0.0 0.0 0.0 0.0 0.0 
20.254322299311905 15.974092289041424 1.921728115415992 -4.969506072185015 9.806184052747911 -0.3289215861865271 23.043665375757346 40.49134855876496 -5.629658725827527 -2.8603336674144786 30.508239713969783 23.408736063562785 -9.113385308133697 223.3408165553028 0.0 0.0 0.0 0.0 0.0 0.0 0.0 0.0 0.0 0.0 0.0 0.0 0.0 0.0 0.0 0.0 0.0 0.0 0.0 0.0 0.0 0.0 0.0 0.0 0.0 0.0 0.0 0.0 0.0 0.0 0.0 0.0 0.0 0.0 0.0 0.0 
-31.09202735107912 -13.002014998419503 -12.177013755332485 1.2371222786160279 42.59075279898397 -19.391824908635556 -25.716269113778313 -3.9080517015579024 10.806839998078736 37.93669968611281 -18.478594556403326 -44.2394311650201 -22.560660157950018 -20.402864880669863 222.93010734710003 0.0 0.0 0.0 0.0 0.0 0.0 0.0 0.0 0.0 0.0 0.0 0.0 0.0 0.0 0.0 0.0 0.0 0.0 0.0 0.0 0.0 0.0 0.0 0.0 0.0 0.0 0.0 0.0 0.0 0.0 0.0 0.0 0.0 0.0 0.0 
19.9513742334603 4.518317742598953 5.900808339163692 7.578117051091022 -3.4668889053624814 -5.436675289946656 10.17351532138598 -32.065507135873666 8.169125931001036 11.09282074053666 35.222338522941165 -2.8065430719079703 32.730405041163635 8.726331140890483 -16.863462094445065 167.71907152932116 0.0 0.0 0.0 0.0 0.0 0.0 0.0 0.0 0.0 0.0 0.0 0.0 0.0 0.0 0.0 0.0 0.0 0.0 0.0 0.0 0.0 0.0 0.0 0.0 0.0 0.0 0.0 0.0 0.0 0.0 0.0 0.0 0.0 0.0 
-7.183410168892861 51.12536096968246 -60.18409050277603 -32.65159083402948 -19.329271333805504 10.81921934927649 -12.45541788754327 14.376131113020257 36.35467578685943 13.315157337615865 -6.527070914144171 14.534514911087227 7.950745357653487 -22.034693807809376 -31.909820103861847 33.54537408120304 230.32481114682588 0.0 0.0 0.0 0.0 0.0 0.0 0.0 0.0 0.0 0.0 0.0 0.0 0.0 0.0 0.0 0.0 0.0 0.0 0.0 0.0 0.0 0.0 0.0 0.0 0.0 0.0 0.0 0.0 0.0 0.0 0.0 0.0 0.0 
38.02001148214393 -2.515927306474114 15.322608689319525 28.495536615731982 -36.81727637891117 33.7443183996587 -25.736200433531454 -30.246158996929832 0.678733680458945 -0.6390657140187512 44.19144166940097 -11.938762107589884 21.424079305815752 -12.71970624367212 -14.041843417473158 -37.21997209692672 19.269978118793503 217.10162190125044 0.0 0.0 0.0 0.0 0.0 0.0 0.0 0.0 0.0 0.0 0.0 0.0 0.0 0.0 0.0 0.0 0.0 0.0 0.0 0.0 0.0 0.0 0.0 0.0 0.0 0.0 0.0 0.0 0.0 0.0 0.0 0.0 
3.865446171582877 -50.85663430780999 -13.164195257601651 -23.332992357600418 -3.1984594512223454 5.449173610743485 18.94206199723933 -57.49596545741265 -6.736747318494045 26.70031390407388 -40.00542877806893 31.229535719167803 12.456208871245387 -27.045845048078654 -12.393047876528385 40.77235192927272 -34.0929458280669 -15.184374323806926 220.51089082367153 0.0 0.0 0.0 0.0 0.0 0.0 0.0 0.0 0.0 0.0 0.0 0.0 0.0 0.0 0.0 0.0 0.0 0.0 0.0 0.0 0.0 0.0 0.0 0.0 0.0 0.0 0.0 0.0 0.0 0.0 0.0 
27.262216091951757 38.49484636984751 -28.379460627117933 2.7469314951799055 4.1878306682295 -48.75598853027287 34.183123965002856 -1.0443490043730284 -2.036886633020006 -5.041262828228313 -15.8860310913062 8.262713784810357 9.602407360993583 -28.071932041264738 -5.862571800798069 -1.6804243627231301 -9.354606302592071 -70.91448718368802 -12.310622861004141 230.7018455362279 0.0 0.0 0.0 0.0 0.0 0.0 0.0 0.0 0.0 0.0 0.0 0.0 0.0 0.0 0.0 0.0 0.0 0.0 0.0 0.0 0.0 0.0 0.0 0.0 0.0 0.0 0.0 0.0 0.0 0.0 
-11.18074495959831 -47.0383585867602 30.845033933712994 24.761205526444552 25.4379926765893 -48.488304117039355 -28.52232844586537 -5.111467301749089 1.1764837967945663 41.29915443039249 -15.44982731270187 15.558278098264278 15.808220152879256 1.5211566695037115 3.4657004040854895 55.76172335708754 -36.889595166926455 56.513898180005896 21.041737965393576 -21.791667821017253 234.31889183310503 0.0 0.0 0.0 0.0 0.0 0.0 0.0 0.0 0.0 0.0 0.0 0.0 0.0 0.0 0.0 0.0 0.0 0.0 0.0 0.0 0.0 0.0 0.0 0.0 0.0 0.0 0.0 0.0 0.0 
4.883809604853852 30.214478416346317 -26.145128465859464 9.718163541062271 -6.325071675417201 -35.39301394674175 -23.375699643030586 23.510596836857754 -9.373846366747015 -7.566758236943314 -21.083639073905488 -20.453662459794867 -39.67732704829941 38.0494455242481 -19.48303022896467 9.036172195486072 -36.49934035363957 27.72898311513351 -24.050147513870986 5.71606037260975 -25.098297033724872 179.9340350947048 0.0 0.0 0.0 0.0 0.0 0.0 0.0 0.0 0.0 0.0 0.0 0.0 0.0 0.0 0.0 0.0 0.0 0.0 0.0 0.0 0.0 0.0 0.0 0.0 0.0 0.0 0.0 0.0 
-34.79592857261767 5.922209711340035 -27.035076621533495 -36.39878254682753 26.68684270288884 37.511007387380374 77.62138594375295 25.769413659285682 43.57220708224225 22.23939914476285 -25.272414264394076 26.636559217970348 97.99140190607123 1.7599272127519425 40.37823245341642 -2.413219328141855 -1.9869251114783084 -29.38129368444321 -49.93932653820074 14.292816509600978 -44.882669143336244 19.58686756591138 209.32072980604497 0.0 0.0 0.0 0.0 0.0 0.0 0.0 0.0 0.0 0.0 0.0 0.0 0.0 0.0 0.0 0.0 0.0 0.0 0.0 0.0 0.0 0.0 0.0 0.0 0.0 0.0 0.0 
12.887416427182895 26.77576093359411 -47.344446753406174 -3.5453397549803762 -16.10142098899945 -15.139766044319872 -29.051793823402914 12.608315190575269 -11.713787145056425 -23.37730393725849 -2.5185799178700123 -43.736234690933806 -42.109393490991685 13.35485978995068 16.187955166324787 -25.347899140714294 -32.43737349445458 19.916677489560406 45.235598762821915 19.51808601281897 -22.31922725617962 -12.408314345281415 19.965303157877198 205.41106707623175 0.0 0.0 0.0 0.0 0.0 0.0 0.0 0.0 0.0 0.0 0.0 0.0 0.0 0.0 0.0 0.0 0.0 0.0 0.0 0.0 0.0 0.0 0.0 0.0 0.0 0.0 
19.289304203535025 21.288715129468095 20.38583354248696 -14.696278137595556 -37.82234518214538 7.578159479160497 -0.6838659074056016 28.405632079485173 27.494190091011053 -44.510846417407926 0.8384352295798733 -2.6646501865438466 23.173372341101107 25.65942744689986 7.467721484988666 -28.349472436686717 26.436200982520678 -6.201868059556476 -24.018830179231163 -9.734357886070132 -43.21875931786859 40.89455765755485 -22.625461950108793 9.189594383947622 190.8313733983973 0.0 0.0 0.0 0.0 0.0 0.0 0.0 0.0 0.0 0.0 0.0 0.0 0.0 0.0 0.0 0.0 0.0 0.0 0.0 0.0 0.0 0.0 0.0 0.0 0.0 
-4.676141794731088 13.93517604495752 -7.093575445687248 4.49378810168577 22.49594644483983 -17.668355948511874 32.37619571113835 -52.35126149281959 -39.506265572452534 -8.977085478403518 -8.664267443341293 -35.11513691017972 46.52044184165324 -2.6752966298167906 -2.251603208168482 -10.763798070505485 20.00147943282221 -19.537592322464125 19.592585580147908 -24.74707758465994 -17.600894280996034 17.797879517242325 36.96656686804743 4.942242441802827 -1.7529766053576052 166.61797301363112 0.0 0.0 0.0 0.0 0.0 0.0 0.0 0.0 0.0 0.0 0.0 0.0 0.0 0.0 0.0 0.0 0.0 0.0 0.0 0.0 0.0 0.0 0.0 0.0 
12.07918840100811 -16.639250736625314 24.55407114214322 -13.915936693922848 -2.1877461142010475 -17.083437869873386 12.425925846082626 23.00811391148696 5.450632629351859 -13.758323298379935 -4.044500534704687 19.998975030390195 31.25879531575496 -25.956870137246945 8.09181094398519 -1.5466862846937601 18.362457765272346 -3.482364694035631 -20.641501179803107 16.909549155229595 25.13823882958567 2.63458043842147 -12.27650637803186 -10.942033490716618 -3.9900969387450846 9.068181009015344 209.858718466889 0.0 0.0 0.0 0.0 0.0 0.0 0.0 0.0 0.0 0.0 0.0 0.0 0.0 0.0 0.0 0.0 0.0 0.0 0.0 0.0 0.0 0.0 0.0 
24.936199327539434 37.12959042017482 -32.727355116433 -65.56570990006546 1.0239299588664266 10.504154007259968 -2.603828818814401 14.913486925605298 0.23085720815392113 -8.79616105623028 -17.690222041071298 -24.919891813553857 23.212719281367992 38.77580187091282 -35.25735335480386 54.61450229920602 3.8840916871280435 32.998857419833854 -19.797975677473552 -63.5793726621573 -34.242173871788225 -26.849643557175245 40.71167044308725 -37.94319321068939 -11.538420714588057 -14.037397681954783 28.90478840594848 151.13741188912815 0.0 0.0 0.0 0.0 0.0 0.0 0.0 0.0 0.0 0.0 0.0 0.0 0.0 0.0 0.0 0.0 0.0 0.0 0.0 0.0 0.0 0.0 
11.14339304895326 -29.182201872554653 4.339039075880464 -39.29263472464216 7.598139575747424 32.2433968012336 -30.198242593034276 22.77723623417081 46.68339548991535 24.592357676706374 -22.63610177703198 -13.663824666900334 55.996760732757906 31.614686183639176 -12.36058007769294 27.979905077896806 -14.643291819377716 38.140965321872834 -9.330775866527892 -58.87635616435269 -8.365195596268922 -19.4207702147359 19.087688855281236 14.177001242293784 2.751653070357068 14.029806508653909 22.507597804073445 49.54462871418214 193.75659147503038 0.0 0.0 0.0 0.0 0.0 0.0 0.0 0.0 0.0 0.0 0.0 0.0 0.0 0.0 0.0 0.0 0.0 0.0 0.0 0.0 0.0 
-0.11658690922011225 -8.721734642104598 31.393183778371558 -19.089294886767195 -17.917455936582726 -28.071865037740334 32.236671596218386 -14.465706978763897 27.60528064652237 14.657214649919098 49.94280735661954 -20.55395423707698 15.826270219053692 -10.156569568613955 40.16345131435532 16.753959787462332 12.87948478003458 -3.2941968955732928 -9.186020505855252 -14.478495594060504 25.46141942890567 12.60092353480006 -2.8524032210077004 -20.808056285154887 11.89777346900968 25.041690411955074 28.9208336632892 -44.72123247625248 27.362643053761357 192.85286384940758 0.0 0.0 0.0 0.0 0.0 0.0 0.0 0.0 0.0 0.0 0.0 0.0 0.0 0.0 0.0 0.0 0.0 0.0 0.0 0.0 
16.973749346356716 -3.731236950759546 29.18212127210033 -10.709229515644974 10.796049646614229 -1.8345211193428639 -5.482090436266384 -32.14019310487306 33.87014644869888 9.34078230764262 17.79385021172445 -39.69480425426154 46.264720176159564 -18.581479002751422 -29.118678454937506 14.46511605034488 16.800291867131055 -12.052082838557409 14.623164940881177 -69.59843478181348 70.6305267014988 -9.994997169337132 10.311383301880277 -10.702463800382688 43.01111265797607 -70.642095632863 50.43468246331138 -11.302936969848254 55.73996729166384 29.01762802686199 225.39949745757568 0.0 0.0 0.0 0.0 0.0 0.0 0.0 0.0 0.0 0.0 0.0 0.0 0.0 0.0 0.0 0.0 0.0 0.0 0.0 
-10.089597063320227 -7.249407449853523 -2.2262309137413743 -27.90572040442658 -16.798226894992332 -16.338102933834797 -0.9074460797331939 6.493399269095026 5.690300253498311 11.81452965962433 20.20418320502429 -16.829307397997653 -35.270871033539684 15.205113303992725 44.37278646345776 -16.357538777533495 -42.55479898260085 -3.905704836855729 -9.997077350508317 -12.695224739091344 0.9413697488645846 1.0380333482014383 -5.27806114550961 34.966513953171756 -19.019466464796484 0.5676857273502965 20.376388451683326 -40.9520324410122 0.611174437563726 -16.548107980691533 4.959593031517115 195.7485270722248 0.0 0.0 0.0 0.0 0.0 0.0 0.0 0.0 0.0 0.0 0.0 0.0 0.0 0.0 0.0 0.0 0.0 0.0 
-19.716390860534304 -33.64203206286057 36.06312475710193 -15.571106405754323 28.40096217045373 -13.528910200027228 1.8167785101197838 -1.3058276532361641 -9.74698850508952 19.33678591046193 9.214957906695002 24.21546685738336 -3.4014613712793706 -43.17776015788254 -44.489330230616446 25.294078769499414 -8.485754784271956 -31.852548750934396 -8.739988654471539 15.90595109120901 40.07920814841834 -15.207455148742337 -37.441759911853126 -3.2793062310988264 5.444409898094032 50.92350007884971 -13.5282118816769 61.281689674392915 -41.979949309117856 12.507093470911265 62.740749577078155 19.165480963505576 162.85963108710502 0.0 0.0 0.0 0.0 0.0 0.0 0.0 0.0 0.0 0.0 0.0 0.0 0.0 0.0 0.0 0.0 0.0 
-44.86715303680599 -31.14173412787805 -0.8317885463971549 0.3825088750023503 27.535897094067536 -12.829372719490202 -23.26994755865669 29.473693573862413 -35.5536163841289 3.15781088425709 -38.46858175111498 31.11358315649732 -8.321747818496743 -11.413890443391834 15.324437210079825 -9.7320089675593 -20.527092525292886 46.33298632617769 -36.20517694367641 10.278356527612155 4.30018260142556 -25.491358620025334 4.049263407372294 -14.255816858097 -18.97547332674894 33.30461035906042 6.109619926894345 38.0392328204464 -29.01582613784666 2.595702801987816 7.811983103027801 42.708587019155445 -27.083687625696452 227.80853739651602 0.0 0.0 0.0 0.0 0.0 0.0 0.0 0.0 0.0 0.0 0.0 0.0 0.0 0.0 0.0 0.0 
-8.527408524920089 9.74238276898794 20.04250792143724 -13.644926981618038 -4.022191801091046 11.994613736085007 -40.50743706906743 16.151346579710452 -12.078294860025466 23.50188861259145 4.806957720121377 0.8150149812399613 -20.00807014029967 -33.96658595847431 -26.69954505893765 -1.8537963361050995 -33.58687228138362 44.579825372683736 -12.22326671590899 -16.45637232786477 -17.276132367165303 -0.5335793188808204 1.4991239368724658 25.83254314467522 -33.29795146201703 13.924333866899099 3.4576605920041055 -43.15807226808604 3.3082338324462954 5.115855955997891 0.5857151954767251 -33.67254099603494 -5.729051761250522 29.172869227616342 157.7895431361995 0.0 0.0 0.0 0.0 0.0 0.0 0.0 0.0 0.0 0.0 0.0 0.0 0.0 0.0 0.0 
14.752940766346109 -5.895801589304721 -43.74031653683827 -59.20032342471449 -12.45925449104614 12.416466685241502 7.718456116023437 4.810313963566212 35.8315396178944 -36.958572414340225 -16.008722919654517 6.595579583929137 30.89896817002433 45.661039000384456 19.565116413001544 -7.6600616267026975 33.5535747425303 56.99966178638125 52.52231933090309 -0.5592870210638241 -38.030250124717185 14.30280048508189 -14.911270399239948 -11.063488618420175 -19.51767365920683 30.130086186414594 -8.801970526697563 19.74391171102943 71.13250170722935 -62.2359000837694 36.74020912768521 -9.136603970113297 -6.67361699499447 -52.884847203331695 19.65834814663856 149.4557086888696 0.0 0.0 0.0 0.0 0.0 0.0 0.0 0.0 0.0 0.0 0.0 0.0 0.0 0.0 
1.2324554359824251 26.556531057716036 45.26409509570877 -46.72609076384266 -17.194235919677915 17.96919605961209 44.07414203814434 11.402237816556946 -1.2011503272429254 -43.962320789127 6.300836656825063 -25.925755075411796 -54.01165827812923 28.799276092076244 44.046584662921866 -6.038613969612341 -43.212380696208655 16.01643238322986 -13.189046890755534 7.750276463748027 -3.6498952833045544 7.6131839009614195 -46.666126297137325 18.095711090689722 -0.7298576789563797 30.52964165227737 3.8585528888777354 -4.644558057950555 -21.053401810313346 -74.58712742970894 18.619893261451544 -31.02540045105867 -40.98684018711165 -21.05871904508694 27.657757385304762 23.81523245184816 138.68351619044034 0.0 0.0 0.0 0.0 0.0 0.0 0.0 0.0 0.0 0.0 0.0 0.0 0.0 
-27.507228705296342 -7.577858445423769 -34.848625698422346 -4.204000900540354 14.871986728040607 38.7031152312512 0.5424215172775799 -6.68196850292085 18.43158020796692 23.308654770274366 6.478214862614325 -42.702770194313224 -15.066590186958722 4.042756290148929 9.183072229445374 -3.4914906959545644 22.159115344065896 23.737538950050133 35.63342361981356 -31.8444425469718 1.7269925757265814 -31.47201232311018 51.18418276947578 -44.79139098133169 30.216347145900887 -4.099258682639529 9.863748362481852 -39.590986370992155 -0.18044245742756784 -16.77141765556371 -15.416312696554883 5.07908721685557 22.82382251992813 28.390043653296793 10.463508695683728 60.81235045258795 17.575200472114656 157.61424674788006 0.0 0.0 0.0 0.0 0.0 0.0 0.0 0.0 0.0 0.0 0.0 0.0 
-0.7673505108579578 -1.904312013558584 8.2798920258375 -14.971921393937519 11.454625875193116 15.151840407251353 4.958919557271854 32.174776640140585 3.261588426396789 35.041468171078144 -14.225443976184033 19.53622044264414 39.63268154947774 -33.70450613081477 -5.613803932268583 40.99084173376836 4.453667531574917 9.533634660781525 15.125502999225068 10.446998899029229 18.165350709549735 16.195150269582797 41.10899841137636 -49.73220174327477 -30.119518664529714 17.624771718209512 -10.278124109743358 23.23061500667267 -22.686150844493238 13.544717849113072 11.033305964437403 -36.492471127353205 -4.872660669347275 2.6586098028317786 -47.45856121733955 -13.33345829138045 -15.344243021968504 21.850704798515466 185.40060877968799 0.0 0.0 0.0 0.0 0.0 0.0 0.0 0.0 0.0 0.0 0.0 
51.02525654248816 9.910616159137465 1.9068341713365407 -10.960993394493167 -37.27882539262784 -12.673355890103396 3.750165635539524 -9.243094438565452 47.06741999978538 -34.894909912903834 46.74177959189858 -32.962878836696014 -3.7118530274411965 2.888047094324685 -47.91728798536305 -19.49403920814419 2.4847672171461577 11.970555336590715 28.34272964734711 -5.551779947425641 56.13920337935119 -5.280318657830746 28.834664109164603 24.544929500510758 43.428305006389714 -11.566471967827356 17.360098420618158 1.4994714558516504 69.55402131986078 -34.10292360495432 -51.67924690418442 -25.499060757260775 25.303692039345123 7.351315362452248 26.030263984534106 -9.73654716960595 53.84160816433812 -47.4907793414828 53.70949887221785 130.01487907918937 0.0 0.0 0.0 0.0 0.0 0.0 0.0 0.0 0.0 0.0 
-7.3724703234862865 11.74517996526023 26.510329124970056 20.28607065476927 30.214968137643485 11.621087991890548 26.451172201715394 -3.9640693295739626 -17.056663888457884 4.507056704621353 14.367407139178185 40.08968142061709 -17.2891488070775 -8.067067284807452 -14.468737820236234 -31.58587234300975 -35.04013957978609 12.0286932774837 -5.01336561842358 -39.20913635615248 7.064386048969262 32.18359894697282 17.626967216011618 73.74143886675441 -28.143972882158078 4.845687769949125 -7.443971778244691 34.95398450096311 11.07493368021699 -22.46317235421245 -25.786461673549177 -26.906480850623105 -44.22050757054216 28.98500970512121 -67.93859447025116 84.67755889779457 22.657380697220464 59.10234249677093 -16.083082020806984 -9.786281675107732 98.00200188996759 0.0 0.0 0.0 0.0 0.0 0.0 0.0 0.0 0.0 
-10.425926509131916 -10.348731715664105 -11.925962786245066 -14.814977089400676 -8.709803762741668 -23.306625345573977 7.005033726391696 2.212967325327983 21.18065216139706 18.971570326809722 -17.64766834080373 17.18107144510096 8.980153573995285 18.10651000182155 17.794996756145153 17.389378246336666 -1.4799699603112326 -26.822526426439072 -3.821303894515511 -13.858179298956976 -25.062376159948066 33.39660187613052 -17.996631887488494 32.18520113319122 -15.624464379060386 -53.39585981537556 -1.6825356992201779 33.200064311171396 -1.1142397904399381 12.789491840023246 -20.59912043051865 18.362558164628506 14.895268197784594 14.944696685902619 15.984310768978725 42.392117816702616 -0.5520342165329793 5.090176483258885 24.581241660901213 74.94330352011823 15.321720122261919 107.10830362808204 0.0 0.0 0.0 0.0 0.0 0.0 0.0 0.0 
19.794761769696812 -9.86678791936009 22.30585868664508 -4.266504664888763 -27.261044201786568 -32.90070811571505 13.768635680251789 -21.042354602194045 21.871360725697887 -36.42317220420348 34.94602803084377 -9.676620263991996 34.777184548046804 1.263918157610091 35.80106827071251 -28.158252090531732 28.446249572237782 -30.489211475298507 -9.94204282476842 -13.029501668731276 59.51787367299952 49.073035578697905 -23.545483232136185 -23.724754750851464 -50.03840442099094 -34.02169214496243 10.674029079847273 17.210021829339407 34.48804066839975 -1.1797258553236183 -3.3730650654958114 -12.163051153750922 73.70153694501099 52.44373015606839 52.52419995174583 -46.29740235459513 -31.534976662501602 28.79334999102253 -8.040741249050253 -23.587226090892578 -1.2306127443028474 -56.169802072576985 83.69461515505493 0.0 0.0 0.0 0.0 0.0 0.0 0.0 
10.522446050832306 -2.8951500129989234 -25.32012174892009 -4.311165141604975 14.30752576881892 10.229823588662036 22.162694057879108 -10.705028074354905 8.154685992978276 -1.826097233650722 -50.56562255027044 10.157602387308437 7.35830877815003 28.847928849992723 3.4468314177186006 21.27459592594847 -19.36159967881614 0.5537829481200254 -12.212019845996439 -24.906197884104664 -41.28245366596759 12.776256018801796 -40.699277111796434 45.00515676283174 -15.67978280191555 17.878811296432044 5.8949011091070185 -63.21628167868965 -10.388531915146142 -18.25032796250425 8.608434841794494 -5.836533298913912 38.09390599765026 -17.141215126928902 -43.39059749165883 10.421039958581524 15.920959330021782 37.31520544935582 7.377965794492535 25.29905944746566 -26.45816668451649 -95.74347556882476 -82.21384956795158 100.77812658190844 0.0 0.0 0.0 0.0 0.0 0.0 
-5.174357258879507 -53.260706157246446 -57.381599672854854 -8.107304224864153 17.50858273219009 24.38905343484865 -10.366642246698403 -11.65769864460786 3.76895034733118 36.29601363050191 -4.065888342481894 -3.711760096156201 11.210424753895161 18.41409939325402 24.097284849665304 50.60462521453941 -11.32507761343357 24.515632599926427 2.8085402791068423 -12.115881167234834 -40.20009959246269 4.654288255954522 43.45725561789437 -26.9435304877272 12.932383289917775 -39.98527593583018 -9.32051923342408 -41.80392297406 16.167430484732023 -25.15483075069178 -45.649148588440816 -30.01027948737172 59.077329403313215 42.65392405253536 -28.76256772640091 72.85702637034032 16.557616155607892 -67.27198141043735 48.89308762642996 -83.17633838513349 0.4589949591390928 -3.562967010176234 21.60895558990192 -61.199459608482385 125.34217165264016 0.0 0.0 0.0 0.0 0.0 
1.2837793153708048 -17.204457953709955 -28.87345442963329 29.565520235188263 9.166468133658137 3.6067294795167943 3.9856353023059103 -15.380319860792623 -8.169572763090251 8.459459133321392 -44.64985313681229 1.0491495748865796 29.025183659771855 22.546370266950593 3.969868358013065 20.78873389149668 -45.20174623858493 21.400240987657806 -17.7983672573126 -4.845252358935264 -18.729394895711987 -22.759571102015837 38.802581662183 16.988458614167794 -0.16140956018939773 18.082664609626192 9.423213260252176 -21.81452521340538 22.686347903302813 30.77837606924888 10.971113664881909 -9.160170270834316 -19.075295752757803 -23.94302021647462 -13.252332390146202 22.120807306669654 20.332971519048424 19.07778608965968 38.867331151447814 6.369521538543274 48.74137123224039 -11.203085923002796 117.39266266051014 -62.49664841298834 -34.403056308126466 110.35833345929804 0.0 0.0 0.0 0.0 
-21.357341094468957 36.93860602631674 19.9705457340099 -29.419348471022897 0.7148669148497615 10.843844320758151 74.62550116410193 -9.216174999360213 -10.536162815408886 -30.579728132144034 -2.6069903436633703 -19.36261257441379 -36.198751631718885 45.26391332323598 -7.404248001185009 -2.3819185081675993 -28.652025792947228 -45.18187910578164 -39.57574661817045 -15.485616205947965 -51.76755015316645 -26.353469750574252 -5.08568273774998 31.611927656360145 67.14061273079075 31.577121840576467 1.0779332293167663 -4.598604236109479 1.6328190435325927 -25.631036103421565 19.01505768386133 -41.236259522714754 -32.294067345085445 -4.400551115654283 21.928763497853872 3.1962520735535183 -99.93382041466518 15.490467128128197 20.891468836697726 -31.84859595130765 30.01342689258269 19.76452610017077 -43.791125996267816 12.908540482862769 13.966559857540553 -13.4641779383885 59.09350024499836 0.0 0.0 0.0 
-9.212941786526388 -84.16335006769329 41.22604364914828 6.8797261266237735 -4.375113286815969 -6.214590074013934 19.6751098739547 -8.037742742499706 -2.0331425343835705 32.62848358076638 33.7175600027865 17.233706671048587 10.695861564362138 -14.804292516724912 46.461651362079365 -11.196542221689304 -4.032190447273424 -42.845021736341245 27.094191865765833 35.887596569532 54.930125890797854 -16.29660330758779 3.278348306079422 -30.004034425319542 -14.693727670205707 -9.104919388552204 13.638242317626814 -18.260144189668353 -7.800638466647063 70.0967065666264 8.568188378971547 42.73776682775517 -25.21253247001516 -28.93632997463698 44.23166637343849 -26.67848368066503 -20.013086302780486 -0.3314776316601354 0.03650393476406484 16.37785743019326 118.17722710816442 -45.341134953341026 -5.527929461509174 29.24372452933088 44.50948185574197 19.782497216747522 43.200379304049825 107.34146812057337 0.0 0.0 
-14.973673762972766 -11.613808929717063 5.640729195624241 3.1912119596901425 -7.715359157618485 -31.080988760956952 -1.7431397633629617 -8.853940014744017 -10.35348513971078 -17.26333203790663 -10.894110337114439 1.9766805796226574 -17.725438954682858 -10.952055461894277 5.671089126791008 -23.976098337870663 -3.068336147750397 -28.603875199863165 12.296689459275733 3.887204012924666 28.958385501702864 6.60908499917495 -13.767768656888588 54.942176617126265 30.055644570902963 -25.92597291308781 5.66604857434672 48.26268269295942 -2.611314893762225 49.78807109949349 -6.278656029140455 33.3417440499671 -32.08063031888302 -14.551308724614433 56.042635473743445 14.146508303729728 37.541367454204874 2.5738941068017254 58.50909788620123 -50.53284510287641 -61.655917914156255 -44.49689899759306 6.765607934072213 15.884617117377518 22.99821046476691 -38.42970709460811 -35.18689866159506 5.535471578958063 59.72345780725829 0.0 
-6.330447918766687 -15.025181549608027 5.513636890110443 21.745869499118367 7.7352206319308765 -13.345807528616238 2.040689945175425 -40.66200586822928 -16.84800580597745 12.194789500219969 -18.914513786597706 39.16874001395198 -21.224658223818036 -4.681093526676969 20.533138181640645 -12.355885510490957 -46.97972565427458 -4.034201905431421 9.250367739795175 30.77715698834865 -6.127481756214558 4.016068256377164 0.3576252924410115 35.4985892650616 -14.519894833084154 13.601812234344647 0.6706651949348243 -60.79595248404279 8.960664271866936 39.71493887750891 10.302383215160898 15.690825752473328 19.206193906788794 -30.864531571664536 -10.294770321080254 -91.45010931171798 48.64061128997166 51.069753124707816 41.53162207175261 -18.545653799085855 56.12861321326661 78.91227471724802 -29.11148893407473 -28.340323919957687 29.43343688859053 -44.437829020957444 26.052572589362658 18.985951360941 -11.76212526189046 64.91666122036581 
