-27.77680663506118
-19.481820114359497
-11.664896955796655
-10.038846014207978
-9.384829865182462
-9.067126358877648
-8.832723990736287
-8.665716889244987
-8.547817173725004
-8.447973368128945
-8.36008754902947
-8.268401849771072
-8.212794942384793
-8.173346795920196
-8.135820736992116
-8.111087851626818
-8.081806804633597
-8.054479980484029
-8.031301411170688
-8.009857945289733
-7.9858803071962035
-7.956292407554813
-7.933820271536642
-7.917561519830336
-7.897218798497061
-7.8828970958382305
-7.8421020080843435
-7.812126559037424
-7.790925253683564
-7.772600705012641
-7.763867949739602
-7.7624808045689955
-7.76022907350095
-7.757152415539019
-7.754881634367398
-7.7545157985692965
-7.750905873946938
-7.7467793697977445
-7.743059908882382
-7.7382383098487555
-7.734717081099761
-7.733958433057908
-7.73261391053046
-7.7312630247154805
-7.72781773706882
-7.727384009402329
-7.727506948886478
-7.725687334248081
-7.72172019413517
-7.720459422782499
-7.71868110010867
-7.71819541565375
-7.718470426939426
-7.717292030885833
-7.717499931278143
-7.715908139133726
-7.71464721400302
-7.713886942114515
-7.712759606694998
-7.703484621617208
-7.702262580939177
-7.70060694953268
-7.698283568045862
-7.6966913725337935
-7.69572953415416
-7.69586398306685
-7.693817702701564
-7.690132779753719
-7.689700744324703
-7.689968917051931
-7.6889056945329655
-7.6859926049315215
-7.681596447796613
-7.681458900091711
-7.681044725146467
-7.6810613871490485
-7.6805751156733635
-7.680082242526772
-7.678646333674118
-7.677806854727465
-7.676566507910372
-7.675876187088384
-7.675203991876867
-7.674529837918119
-7.6696465329540064
-7.66971945425778
-7.668840266988557
-7.667817245864436
-7.667028135600026
-7.6667497664067525
-7.665927194550207
-7.665135992619537
-7.663480413787905
-7.662872384481057
-7.662387555809369
-7.6625136508495535
-7.662443989802918
-7.662236799011938
-7.661429731013574
-7.660766744780294
-7.660943125128729
